@0000000080283000
1210101010101210
1e1e181e1e1a1410
1e1e1e1e1a1a1410
181a1e1818161410
1e1e1e1e1e1a1410
1e1e1a1e1e1a1410
1e1e1e1e1e1a1610
181e1e1a18161410
1010101012121010
1e1e1a1e1e1a1a1a
1a1e1e1e1e1a1a1a
16181e1a18181816
1e1e1e1e1e1a1e1a
1e1e1a1e1e1e161e
1e1e1e1e1e1e1e1a
18181e1e18181a18
1e1e1e1e1e1a1410
1e1e1e1e1e1a1410
1e1e1a1e1e181410
1a1e1e1a1a181410
161a1e1818161410
1e1e1e1e1e1a1410
1616141616161210
1012121212121010
1a1e1e1e1e1a1e1a
1e1e1e1e1e1e1a1a
1a1e1a1e1e1a181a
181a1e1e1a181818
16181e1a18161816
1a1e1e1e1e1a1a18
1616161616161416
1212121212121212
1210121212101210
121212121010121a
101010101012121a
1012121012121218
101210101010121a
121212121212121a
121212121412141a
1212121212121418
1210101010121212
1010121212121212
1212121212121210
1212101210101010
1210121212121010
1212121014161412
1212121414161614
1012141616181612
141212121012121a
121212121212141a
121212121210121a
1212121210121218
1212121210121216
121212121212141a
1212121212121216
1012101010101012
1212141614161814
1212121414141612
1212121414141612
1212121414141412
1010121414141412
1212141414161616
1212121414141412
1012121414141412
1212121210101010
1012121012121210
1212121012101012
1212121212121212
1012121212121212
1212101212121210
1210121212121212
1012121210121210
1212121212121012
1012121010121212
1212121210121212
1212121212121212
1012121212101012
1012121010121012
1212121212121212
1012121210121012
1212121212121212
1212121212121212
1212121412121212
1210121212121210
1210121210121212
1212121212121212
1412121212121212
1210121210101012
1212121212121212
1212121212121414
1412121212141212
1212121212121212
1210141412101212
1612141614121414
1616161614141616
1414141614141616
1212121212121212
1012121212121210
1210101012121212
1012121212121212
1212121212121010
1212101212121212
1212121212121212
1612101010101010
1212121212121212
1414121214121412
1214161212121012
1216161012101010
1216181212121212
1414141616141212
1414141414161614
1414141412141416
1416141212121212
1416141212121212
1416141614121212
1618141416161412
1616141414141614
1414141616161616
1414141616161614
1414141414141414
1414141414141414
1414141414141414
1414141414141414
1414141414161416
1414141414141616
1414141414141414
1414121414141414
1416141414141414
1212121212121012
1012121212121412
1212121212121212
1010101010121010
1210121212121212
1212121212121414
1212121014141414
1012121414141414
1212121212121212
1212121212121212
1012101212101212
1010101010101012
1212101012121212
1210121212121212
1212101212121212
1212121212121210
1212141412141414
1212141214141414
1414141414141414
1616161414141414
1414161414141414
1616161414141414
1616141414141414
1414141414141414
1012121010101010
1212121212121212
1212121212121414
1212121212141414
1214121414141414
1614121416141416
1614161614161616
1414141414141414
1212121212121212
1212121210121212
1212101010121212
1010101012121210
1012101010101010
1212141212121212
1212121210121210
1212121212121212
1212141212121210
1212121212121212
1212121212121212
1010101212101010
1010101010101012
1212121012121212
1812121212121010
1814121212121212
1210101010101010
1212121212121212
1212121212121212
1212141212121212
1212121212121212
1012121214141214
1012121016181412
1212121416161614
1814101210101010
1614121212121012
1614121212121214
1414121212121212
1414121212121212
1616121212121212
1416121212121212
1414121212121212
1212121212101010
1212121212101212
1212121210121212
1210121212101210
1212101210101212
1010101210121418
1212121212161616
1212121212141618
1212121010101210
1614121012121212
1814121212121212
1414121210101010
1a18121212121212
1e18101210101010
1e1a121212121212
1816121212121212
1212101212161616
1010101010141414
1212121212141414
1212121212141414
1212121212141414
1212121212161616
1212121212141414
1212121212141414
1414121212121210
1614121210101010
1614121212121212
1212121212121212
1212121212121212
1012101012121212
1212121210101212
1212121212121212
1210101012121212
1614141618181816
1816181a1a1e1e1a
1414141416161614
1e181a1e1e1e1e1e
1e1a1e1e1e1e1e1e
1e1e1e1e1e1e1e1e
1816181a1a1e1e1a
1014121212101212
1014141618181816
101614181a1e1a1a
1014121416161616
1016161e1e1e1e1e
1016181e1e1e1e1e
10161a1e1e1e1e1e
101414181a1e1a1a
1614161818181818
18141618181a1a18
1614141616181816
1212121212121212
1212121212121212
1212121212121212
1212121012121210
1012101212121210
1014121618181818
101412181a1a1a18
1014121616181616
1012121212121212
1014121212121212
1012121212121212
1012101212121012
1012121010121212
1010101010101010
1010121212121010
1210121210121210
1414161614141210
1616161416161210
1816181616161410
1616161616161410
1818161614121210
1010101010101010
1212121212121012
1212101212121012
1010121210101012
1212121212141416
1412121416161616
1412121416161616
1412121214161414
1416161814121010
1414141614121210
1414141414161210
1414141414161410
1414141414161410
1414141616161410
1412141414141210
1414141212121210
1412121412121212
1414141414141414
1416161616141414
1416161616141414
1414141616101414
1416161614141414
1414141214141414
1414141414141414
1010101010101010
1012101012121010
1010121010121210
1010101010101010
1012121214141414
1212121212161214
1212121214141212
1212121214141212
1012141414141412
1210121414141412
1210161414161616
1012141414141412
1210141414141412
1010141414141412
1212161414141412
1614141214141416
1212121216121012
1414141414121212
1614141414121212
1814141414101012
1614141414101012
1414141214101010
1414141414101012
1414121414121214
1414141414141416
1414141414161416
1414141414161618
1414161414141618
1412161412121616
1414141414141414
1214121412141414
1414141414141414
1010121212101010
1210101010101010
1412121210101212
1212101010101010
1210121210121212
1412121012121012
1414121214141412
1414141614141614
1414141614141414
1414141614121414
1414141412141416
1414141414121416
1414141612141416
1614141612141414
1614141614141414
1414141416161414
1414141414121414
1214161614141416
1414141612141414
1214141410121414
1214141410121414
1414121412121414
1414141414141412
1414141414141414
1614161614141414
1416161616141414
1414141414141412
1414141414141412
1414141414141412
1414141414141414
1412141414141414
1414121414121414
1414141414141414
1414141214121414
1414141414121414
1414141414141414
1414141414141414
1414141414141414
1414141414141416
1414141414141414
1412121414141414
1214121212141414
1414141214141414
1414141414121414
1412141412141414
1414141414141414
1416141614141614
1414141414141414
1416141414161414
1414161614161414
1414141416141414
1414141414141414
1414141414141414
1616141414141414
1414141414141414
1414141414141414
1414141414141414
1616161414141414
1416141616141414
1414161416161414
1414141414141416
1416141414141414
1414141414141414
1414141414121414
1414141414141614
1414141414141612
1214141414141412
1414141414141414
1414141414141214
1414141414141414
1414141616161414
1414141414141414
1414141414141414
1414141614141412
1414121414141414
1414141414141414
1414141414141414
1414121414141414
1414141414141414
1414141414141414
1414141414141414
1414141416161616
1414141414141616
1414141414161416
1416161614141414
1616161414141414
1414141414141414
1414141414141214
1414141416141414
1416141414141414
1416141414141616
1416141414141414
1414141414141414
1414141414141416
1414141416161616
1414141414141414
1212121214141412
1210121214141412
1212121414161412
1010121214141212
1010101014141212
1010101214141412
1212121214141412
1416141414161416
1416121212121212
1414121212121012
1616141212121212
1416101012101010
1414101010101010
1414121010101010
1414121012121212
1414141414161614
1416141414161414
1816141614161614
1814141414141414
1614141414141614
1416141414141414
1414141414141414
1414141414141414
1414121414141414
1414141414161414
1416141616161416
1414141616161414
1614141414141416
1614141414141616
1414141414141414
1412141212141414
1414141414141414
1212121212141414
1212121212141414
1010121214161616
1010121212141414
1010101010141414
1010101010141414
1010101010141414
1010101014141414
1212121212121212
1212121212121212
1212121212101012
1210101010101010
1010101010101010
1212141414101010
1212141414121010
1210141414121212
1010101014141414
1616161816161616
1616141816141416
1616141616141416
1416161614141414
1616161416161614
1414141412121214
1214121414141414
1210141412141212
1616161414161616
1416161414161612
1616161414141412
1616161414141414
1614141412141614
1414141412141414
1412121414141414
1212121212121212
1212101212121212
1212121212121212
1212121212121212
1212121212121212
1212121214121212
1212121212121212
1012121212121012
1012121212121212
1014161212141212
1014161416161410
1014161416161612
1014141414141412
1014161614141412
1014141414141412
1014141614141612
1214141414121212
1616141416161616
1614161414141414
1414141414141414
1414141614141416
1414121614121214
1212141614141414
1416141614141414
1014141614141612
1014141616141816
1014141416141414
1014141414141414
1014141414141414
1014141414141414
1014141414121212
1014141416141414
1212141414141210
1414141414121210
1212121212141210
1212121212121210
1412121212121210
1212121212121010
0000000000000000
0000000000000000
1212121212121212
1212141414141414
1414121412141212
1414121212121212
1414141414141414
1212121212121012
0000000000000000
0000000000000000
0000000000000000
0000000000000000
0000000000000000
0000000000000000
0000000000000000
0000000000000000
0000000000000000
0000000000000000
0000000000000000
0000000000000000
0000000000000000
0000000000000000
0000000000000000
0000000000000000
0000000000000000
0000000000000000
1212121212121412
1414121414121412
1414141414141414
1412141414141414
1414141412121414
1212121212121212
0000000000000000
0000000000000000
1414141412141412
1414141414141214
1214141214141414
1414141414141414
1414141414121414
1212121212121212
0000000000000000
0000000000000000
0000000000000000
0000000000000000
0000000000000000
0000000000000000
0000000000000000
0000000000000000
0000000000000000
0000000000000000
0000000000000000
0000000000000000
0000000000000000
0000000000000000
0000000000000000
0000000000000000
0000000000000000
0000000000000000
1414141414141414
1412121414121412
1414121414141414
1414141414121414
1212141414141414
1010101212121212
0000000000000000
0000000000000000
1214141414141414
1612121414141414
1414141412141414
1414141612121012
1414141412141412
1212121210121212
0000000000000000
0000000000000000
0000000000000000
0000000000000000
0000000000000000
0000000000000000
0000000000000000
0000000000000000
0000000000000000
0000000000000000
0000000000000000
0000000000000000
0000000000000000
0000000000000000
0000000000000000
0000000000000000
0000000000000000
0000000000000000
1414141414141614
1414141414121414
1414141212121414
1412141212141414
1414141414141414
1212121212121212
0000000000000000
0000000000000000
1214121414141414
1414141414121214
1414141212121214
1414121210141414
1414121414141214
1212121212121212
0000000000000000
0000000000000000
0000000000000000
0000000000000000
0000000000000000
0000000000000000
0000000000000000
0000000000000000
0000000000000000
0000000000000000
0000000000000000
0000000000000000
0000000000000000
0000000000000000
0000000000000000
0000000000000000
0000000000000000
0000000000000000
1414141414141212
1414141414141214
1214141414161212
1414141414141612
1414141414141414
1212121212121212
0000000000000000
0000000000000000
1414141414141414
1414141414141414
1412121414141412
1412141414141412
1412121414141414
1212121212121212
0000000000000000
0000000000000000
0000000000000000
0000000000000000
0000000000000000
0000000000000000
0000000000000000
0000000000000000
0000000000000000
0000000000000000
0000000000000000
0000000000000000
0000000000000000
0000000000000000
0000000000000000
0000000000000000
0000000000000000
0000000000000000
1414141414141414
1414141416161414
1416141414141414
1416161414161412
1614141614141612
1212121212121210
0000000000000000
0000000000000000
1414141414141414
1414141414141412
1414141414141414
1412141414161614
1414141616161416
1212121212121212
0000000000000000
0000000000000000
0000000000000000
0000000000000000
0000000000000000
0000000000000000
0000000000000000
0000000000000000
0000000000000000
0000000000000000
0000000000000000
0000000000000000
0000000000000000
0000000000000000
0000000000000000
0000000000000000
0000000000000000
0000000000000000
1414121214141414
1414121414141414
1414141414141414
1414141414121414
1414141414141414
1212121212121212
0000000000000000
0000000000000000
1414141414141414
1414141414141414
1414141414141416
1414141414141414
1414141414141414
1212121212121212
0000000000000000
0000000000000000
0000000000000000
0000000000000000
0000000000000000
0000000000000000
0000000000000000
0000000000000000
0000000000000000
0000000000000000
0000000000000000
0000000000000000
0000000000000000
0000000000000000
0000000000000000
0000000000000000
0000000000000000
0000000000000000
1414141414141412
1414141414141414
1214121212141414
1214141414141414
1414141414141414
1212121012121212
0000000000000000
0000000000000000
1014141416141414
1014141414141414
1014141414121414
1014141214121412
1012141214141414
1012121212121012
0000000000000000
0000000000000000
0000000000000000
0000000000000000
0000000000000000
0000000000000000
0000000000000000
0000000000000000
0000000000000000
0000000000000000
0000000000000000
0000000000000000
0000000000000000
0000000000000000
0000000000000000
0000000000000000
0000000000000000
0000000000000000
0000000000000000
0000000000000000
0000000000000000
0000000000000000
0000000000000000
0000000000000000
0000000000000000
0000000000000000
0000000000000000
0000000000000000
0000000000000000
0000000000000000
0000000000000000
0000000000000000
0000000000000000
0000000000000000
0000000000000000
0000000000000000
0000000000000000
0000000000000000
0000000000000000
0000000000000000
0000000000000000
0000000000000000
0000000000000000
0000000000000000
0000000000000000
0000000000000000
0000000000000000
0000000000000000
0000000000000000
0000000000000000
0000000000000000
0000000000000000
0000000000000000
0000000000000000
0000000000000000
0000000000000000
0000000000000000
0000000000000000
0000000000000000
0000000000000000
0000000000000000
0000000000000000
0000000000000000
0000000000000000
0000000000000000
0000000000000000
0000000000000000
0000000000000000
0000000000000000
0000000000000000
0000000000000000
0000000000000000
0000000000000000
0000000000000000
0000000000000000
0000000000000000
0000000000000000
0000000000000000
0000000000000000
0000000000000000
0000000000000000
0000000000000000
0000000000000000
0000000000000000
0000000000000000
0000000000000000
0000000000000000
0000000000000000
0000000000000000
0000000000000000
0000000000000000
0000000000000000
0000000000000000
0000000000000000
0000000000000000
0000000000000000
0000000000000000
0000000000000000
0000000000000000
0000000000000000
0000000000000000
0000000000000000
0000000000000000
0000000000000000
0000000000000000
0000000000000000
0000000000000000
0000000000000000
0000000000000000
0000000000000000
0000000000000000
0000000000000000
0000000000000000
0000000000000000
0000000000000000
0000000000000000
0000000000000000
0000000000000000
0000000000000000
0000000000000000
0000000000000000
0000000000000000
0000000000000000
0000000000000000
0000000000000000
0000000000000000
0000000000000000
0000000000000000
0000000000000000
0000000000000000
0000000000000000
0000000000000000
0000000000000000
0000000000000000
0000000000000000
0000000000000000
0000000000000000
0000000000000000
0000000000000000
0000000000000000
0000000000000000
0000000000000000
0000000000000000
0000000000000000
0000000000000000
0000000000000000
0000000000000000
0000000000000000
0000000000000000
0000000000000000
0000000000000000
0000000000000000
0000000000000000
0000000000000000
0000000000000000
0000000000000000
0000000000000000
0000000000000000
0000000000000000
0000000000000000
0000000000000000
0000000000000000
0000000000000000
0000000000000000
0000000000000000
0000000000000000
0000000000000000
0000000000000000
0000000000000000
0000000000000000
0000000000000000
0000000000000000
0000000000000000
0000000000000000
0000000000000000
0000000000000000
0000000000000000
0000000000000000
0000000000000000
0000000000000000
0000000000000000
0000000000000000
0000000000000000
0000000000000000
0000000000000000
0000000000000000
0000000000000000
0000000000000000
0000000000000000
0000000000000000
0000000000000000
0000000000000000
0000000000000000
0000000000000000
0000000000000000
0000000000000000
0000000000000000
0000000000000000
0000000000000000
0000000000000000
0000000000000000
0000000000000000
0000000000000000
0000000000000000
0000000000000000
0000000000000000
0000000000000000
0000000000000000
0000000000000000
0000000000000000
0000000000000000
0000000000000000
0000000000000000
0000000000000000
0000000000000000
0000000000000000
0000000000000000
0000000000000000
0000000000000000
0000000000000000
0000000000000000
0000000000000000
0000000000000000
0000000000000000
0000000000000000
0000000000000000
0000000000000000
0000000000000000
0000000000000000
0000000000000000
0000000000000000
0000000000000000
0000000000000000
0000000000000000
0000000000000000
0000000000000000
0000000000000000
0000000000000000
0000000000000000
0000000000000000
0000000000000000
0000000000000000
0000000000000000
0000000000000000
0000000000000000
0000000000000000
0000000000000000
0000000000000000
0000000000000000
0000000000000000
0000000000000000
0000000000000000
0000000000000000
0000000000000000
0000000000000000
0000000000000000
0000000000000000
0000000000000000
0000000000000000
0000000000000000
0000000000000000
0000000000000000
0000000000000000
0000000000000000
0000000000000000
0000000000000000
0000000000000000
0000000000000000
0000000000000000
0000000000000000
0000000000000000
0000000000000000
0000000000000000
0000000000000000
