@0000000080000000
1212121216101010
1212121212101010
1212121216101010
1212141414101010
1c1c181a18101010
1a181a1218101010
1a18161418101010
1a18161a16101010
1412121212121212
1412121212121212
1612121412121412
1412121612121212
181a1a1c1a18161a
1a1a181612181618
1a1a1a181216181a
1a1a1a1a14181a1c
1a161a1818101010
1a1c1a1616101010
1c1a181a14101010
1c18161616101010
1a18141016101010
1612121218101010
1a1a1a1618101010
1c1a181216101010
161e1e1a16181c1c
1c1a1e1e181e1e1e
1c1e1e1e1a1e1e1c
1a1c1e1e1e1e1e1e
1a1a1a1c1e1e1c1a
14161a1c1c1c1a1a
1a1c1c1e1e1e1c1c
1c1e1e1e1c1e1e1e
1614121614141412
1414121416141614
1616141616141616
1216141416141214
1a1c1a161a181c1a
181a181a12121816
1a1a1816141a101c
1c1a18161a161a12
1414141212121414
1614141214121214
1412121216141416
1412121414161614
1a181a1c1a1a1818
161a1a1816121816
1c1a1a1a18121618
121a1a1a1a14181a
1c1a161a181c181c
1e1a1c1a16141a1a
1c1c1a181a181a18
1e1c1816161a1618
1a1a181410121416
1a16121212161212
1c1a1a1a1618181a
1e1c1a181212161a
1c161e1e1a16181c
1a1c1a1e1e181e1e
181c1e1e1e1a1e1e
181a1c1e1e1e1e1e
161a1a1a1c1e1e1c
1214161a1c1c1c1a
181a1c1c1e1e1e1c
1a1c1e1e1e1c1e1e
1616141416161414
1414121414161614
1416161614141214
1614121214121214
141212121414161c
1212121212161218
1212121412161a10
121214161416161a
1414121614141216
1616121216161616
1416141216161616
1216161214141216
1416161416161616
1416161614121412
1416141416141412
1616161614141412
1414161416161c18
141616161614141a
161414161612181a
1612161616161a16
1614161416161214
1416141212121612
1616161414121818
1414141412121416
1414161212121214
1214141212121216
1212121214141214
1212121216121214
1412141416141412
1614161414141416
1616141616161616
1416161414161614
1212161616141414
1216161616161614
1216161616161614
1414121614141414
1614141616141614
1616141412141214
1614141212121416
1412161416141614
1414141214141212
1616161212141212
1616161414141414
1616121412161616
1212121212161616
1212141616161616
1214161616161614
1612141416141416
1616161614161616
1614161616161616
1614161614141412
1416141212141212
1416121212141214
1414121412161216
1212121614141614
1414141416161414
1614161412121416
1616141212141616
1416141414161616
1214161416161416
1216161416161416
1416141614121414
1616161612121412
1616161414121214
1616121412141212
1414121214141214
1616121416161416
1614121614141616
1614141612161414
1416141616161212
1616141616141212
1616161616121214
1414141614121616
1212161414141216
1414161616161616
1616161616121414
1612161616141614
1412161414141214
1416141416161416
1616161616141414
1614121214141216
1414121416161416
1416121614141614
1616141616161612
1616161414121212
1616141212121212
1412121416161616
1212141616161616
1416141416161414
1616161616161616
1614161614141616
1616161616161614
1616141616161612
1616141616141616
1616161616161616
1616141616161612
1614121412141214
1414141414141216
1416161614121216
1416141212141416
1614141414161614
1412121414141414
1212141416141416
1414141414121616
1614141416121416
1616161412121416
1616161214121614
1414121214161614
1414121216161414
1416161216141414
1616141614141616
1614161616161216
1414141414141414
1416141616141616
1614161616161614
1614121616141616
1616121616161616
1616161616161614
1616161616141616
1414141616161616
1614141416161414
1616141616141616
1614121414141614
1614141616141416
1616161616161616
1414161616161614
1616161616161616
1616161416141616
1214161216161614
1216161216161616
1614161616161614
1412161616161414
1212141616161614
1214121416161412
1616141614141212
1614161414161214
1216161614161416
1416161616161616
1616161614161616
1416161414121616
1616121616121616
1414161412121416
1614141416161614
1414141214161612
1416161214161214
1616161416161614
1614141414161614
1412141616161416
1612161616161614
1414161414161616
1616161616141616
1614141616121612
1414141616161412
1612141212161212
1416121414141412
1414141216141414
1614141412141416
1414141416141414
1416161416161416
1416141614161416
1416161614121614
1412141212121412
1612161416161414
1614141616161616
1616161416161614
1616161616161614
1616161616161612
1616161616161416
1416161616161414
1614161612121416
1414121212161616
1616161212141616
1616161414161614
1616161616161612
1616161618161614
161616181a161616
1614141416161616
1616141616161616
1416141412121614
1212121212141412
1414121416121414
1614141412121414
1416161414141614
1214161412141614
1616141a1a181614
161614181a161616
1614141a1a141416
161614181a161416
141616181a161216
1414161a1a181416
1416161a1a181416
1416141a1a161412
1412141614141414
1414161616121616
1414141414141414
1616161616141412
1616161616141414
1616161616161414
1616161616161616
1616141616161614
1616121416121412
1614141614161616
1414161416161614
1212141414161414
1214161416141614
1416161414161616
1214161614161616
1414161616161616
1616161416141616
1616161616141614
1614161616121416
1616141612161416
1216161614161212
1212121412141412
1212161612141614
1214141614141614
1616161616161416
1616121416161616
1614141614141414
1616161416161616
1416141214141412
1414121212121212
1214121212121614
1216141414141414
1616141214121214
1416161616161614
1616161616161616
1416161414141614
1616161414161416
1416161616161212
1616161616161612
1616161616161614
1616141414121616
1616141614141614
1614161616161614
1616161416161616
1616161616161616
1614161616161616
1614161616161216
1416121416161616
1416161412161616
1216161212141616
1614161412141616
1412121416161416
1412121216161414
1414141214121614
1614121212121616
1416141212141614
1214121416161616
1616141616121616
1212161212121416
1414161214121414
1412161412121214
1212141412141414
1216141416161616
1216121614141412
1212141414161616
1214161614141414
1414161616161616
1616161616161616
1414161616161616
1216161614141616
1612141412141616
1414141614141414
1414161614141214
1414161216141414
1216161216141416
1616161614141216
1616161614161616
1616161614141614
1616141616161616
1616141614161416
1416141616121212
1614161616141416
1614161414141616
1612121214121216
1612121214121414
1214121616161414
1616161416161614
1414141214161414
1214161412141212
1616141414161614
1416161612141414
1416141412121212
1414161212121214
1214121214121412
1214161616141416
1214121412161614
1416121616121412
1414161616121214
1614161414141416
1612161616141616
1614161614141614
1416141412121212
1616161612121216
1616161616121216
1614121616141414
1414141414141616
1212161416161616
1414141616161416
1612141616161612
1214161214161614
1416161416161616
1616161616141616
1614161616161616
1614161614141616
1614141212161614
1212141614141416
1416141416161616
1414121214121412
1412121212141212
1612121212121214
1416161616161416
1616161416141416
1616161616141216
1416141614121416
1214121214121616
1212121212121616
1212121212121416
1214141214141616
1616141212141614
1614161212121214
1614141412141414
1414141212161212
1414161214141212
1614141214141614
1616121212141616
1616121616161216
1414141614161616
1416161414161414
1416161416161212
1412141414161212
1414161612121414
1416161612141614
1414161612161616
1614141416161414
1616161614161216
1414141616161416
1414161416141416
1212141414161412
1614141416161414
1416141212141212
1212141212121212
1212141414121214
1416141414161414
1416161616161216
1614141616141416
1616141416141414
1616141416141616
1416121414121612
1216161416141616
1416141614161614
1612141214141614
1416121214161616
1216161416161416
1212141414121412
1212141616121412
1214161614121614
1616161216161214
1616161416161414
1416121416161616
1614141412161616
1616161614161614
1414161414161412
1a1a1a1a12161412
1818181812161612
1818181812161614
1818181616161616
1416141416161616
1614141616121614
1414141616141214
1212121414141214
1212121212121214
1212161414141414
1212161616161616
1416161616141416
1818181814141212
1a1a1a1a16161414
1c1c1c1a14141216
1c1c1c1c16161616
1c1c1c1c16161616
1a1a1a1a16141216
1c1c1c1c16121212
1e1e1e1c14141612
1414161416161616
1614161416141616
1616161416161614
1414141416141414
181a1a1a1a1a1a1a
1818181818181818
1818181818181818
1818161818181818
1416141216161614
1416141414161412
1614161414121212
1416161612121214
1818181818181818
1818161616181818
1818161616181818
1816161616161818
1818181818181818
181a1a1a1a1a1a1a
1a1a1a1a1a1a1a1c
1a1a1c1c1c1c1c1c
1a1a1a1a1c1c1c1c
1a181a181a1a1a1a
1a1a1c1c1c1c1c1c
1c1c1c1c1e1e1e1e
1818161616161818
1818181616181818
1a1a181818181a1a
1a1a1818181a1a1a
1a1a181818181a1a
1818181616181818
1a1a1a1818181a1a
1c1c1a18181a1a1c
1614141614161416
1614121414161616
1412121212141616
1612121214161414
1a1a1a1a1a1a1a18
1818181818181818
181a181818181818
1818181818181818
1010101614161616
1010101616161614
1010101614141616
1010101616161414
1010101a1a1a1a1a
1010101618181818
1010101618181818
1010101818161818
1818181818181818
1a1a1a1a1a1a1a18
1c1a1a1a1a1a1a1a
1c1c1c1c1c1a1a1a
1c1c1c1a1a1a1a1a
1a1a18181a181818
1c1c1c1c1c1a1a1a
1e1e1e1e1c1c1c1c
1010101818181818
101010181a1a1a1a
1010101a1c1c1c1c
1010101a1c1c1c1c
1010101a1c1c1c1c
101010181a1a1a1a
1010101a1c1c1c1c
1010101a1e1e1e1e
1e1c181a18101010
161c1a1a16101010
1c121c1418101010
181c101c18101010
1a14181018101010
1a1a161616101010
1618141614101010
1212141016101010
1c1a1e1e1a1e1e1c
161c1e1c161e1e1e
1a1c1c1c16181e1c
181a1c1a1216181c
1a1a181612181818
18181a1a16141416
1414161614141216
1414121210121212
1414101218101010
1410141216101010
1214121418101010
1414121218101010
1414141016101010
1414121416101010
1210101016101010
1412101014101010
1414141410121214
1414141412121414
1214161412141416
1412161614141614
1414141414161414
1414141414161416
1212141414141414
1212141416141414
1c1e1c181a1c161a
1e161c1a1a161a1a
1c1c121c14181c16
1c181c101c1c1216
181a14181012141a
161a1a1616141c16
1616181416101816
1212121410101212
1a1c1a1e1e1a1e1e
1a161c1e1c161e1e
161a1c1c1c16181e
16181a1c1a121618
1a1a1a1816121818
1618181a1a161414
1614141616141412
1214141212101212
1414141012141012
1414101412121412
1612141214121414
1414141212141214
1414141410101214
1614141214141414
1412101010121010
1414121010101012
1214141414101212
1214141414121214
1412141614121414
1414121614141416
1414141414141614
1414141414141614
1012121414141414
1212141414161414
1216121616141c16
121216161416161a
141412121612181c
1616121212121c12
1412161412121414
161416161214141c
1616161614161218
1616161612141412
1616161616161612
1216141416141614
1414141412121212
1416121616141414
1416141616161612
1216161412141612
1412141414161612
1616161216161412
1616141214161610
1416161416161414
1416161616161614
1616161416161612
1616161412161412
1614161614161614
1414121616161410
1416161616161410
1614141214161616
1614141616141414
1616161616161216
1614161616161216
1616161616161614
1416161614121616
1216161614141614
1416161614141416
1616161616161616
1614161612141414
1416181616161614
12181a1616141616
14181a1616141414
16181a1616161616
161a1a1a18161614
1818181818161616
1416141214121216
1614121214141416
1414141416141416
1614161616161416
1416161616121216
1416141616121616
1616161414141414
1612161614141616
1818181818181616
181818181a181614
18181818181a1816
18181a1a1a1a1a16
18181a1a1a1a1616
1a1a1a1a1a181616
1a181a181a181614
1a1a1a1a1a181616
1214161214141618
121416121414161a
121614121212181a
1414161416181a18
14121214161a1a1a
121212161416181a
161612161616161a
1614141616161618
1616141616161614
1616161612141412
1416161214141216
1616161216141416
1414121414161616
1416161616161616
1416141616161614
1614161612141414
1614121214121414
1412121214141616
1214141416161414
1414161614121616
1616161612121216
1614161414161414
1614121414161412
1616141616141414
1614161412161414
1416121412121212
1414161616121416
1416141616161616
1414161616141412
1614141412121212
1414161616161416
1212161616161616
1616161616161216
1416141216141616
1616141616161614
1214121616121212
1416161616161416
1616141616121616
1416161616141616
1614161616161414
1616161614161616
1616161612161414
1414141412141412
1612121212121412
1414161412141414
1416161416141616
1412161614141416
1616141614121614
1616161616121416
1212121412121216
1212121414141212
1614141616141212
1614141616121412
1416161416141416
1412141416161414
1414161414161616
1616141416161616
1216141214141414
1614161414141616
1412161616161616
1616141416141614
1216141416141416
1616161412161416
1614161616161616
1216141416141614
1212141414121414
1414161216141616
1616141416141414
1616141614141614
1212161616161414
1212141614141414
1214161616161414
1616161616121612
1616121612121414
1216121212121616
1214141214121416
1612141616161614
1416161614121214
1616161416161614
1416161414141216
1616161616161616
1216141614161616
1212121414141412
1212141214121212
1212161416161614
1416161416141414
1614161616141214
1412141416121416
1616141212121612
1416141614121212
1616161216141414
1614121416161616
1216141416161614
1414141414161412
1614161614141212
1612121214121212
1412121416161616
1612121414121212
1616121612121412
1616161414141616
1816161616161416
1816161416141412
1818161414141614
1818181616141416
1416161614161416
1614161616161616
1412121416161614
1616161214141414
1616141614161412
1816161616161614
1a1a181616141414
1618181816141416
1414161a1a181616
1416161a1a181616
16161a1a1a1a1616
16181a1a1a1a1816
181a1a18181a1a18
1a1a1a181a1a1a1a
1818181816181818
1616161618161616
1816181816161414
1816181818181614
1816181816181816
1818161818181818
1616181616161818
1618181816181818
1618181616181618
1618181818161818
1616161616161616
1818161618161616
1616161618181816
1618161616181616
1818161818181818
1616161818181816
1816181816181616
1816181818181816
1414141416161614
1214141416161616
1216161614161614
1616161616161614
1616161616161616
1616161616161818
1616141614181a18
16141616161a1816
1414141414141414
1212141414141412
1412121212161414
1614121214161616
1216141416161414
1214161616141614
1212121416161612
1616141616161416
141616161a181618
1614161818161816
16181a1816181816
161a161618161816
1818181616161816
1816161616161618
1616161616161816
1616161618161816
1616161616161612
1616161616161416
1216161416161616
1414141214141614
1412141616141616
1414161416161618
1616141416161818
1614141414161816
1214161416161612
1214161214141212
1416141214121214
1616161412141616
1616161614161616
1414161616161612
1412161616121616
1614161416161614
1416141414121414
1216141212121212
1414141212121412
1614121416161214
1616161616161416
1614141416161612
1614121214141412
1416141216141412
1616161414161616
1616161614161616
1416141216141614
1414161414161214
1614121414141412
1214121214161212
1414141416141416
1614141616161616
1614141414141412
1616141416141616
1614141616141616
1414141416121416
1614161414161414
1616141412141414
1212141612121412
1612161414141616
1212121212141412
1412121212121212
1412121212121216
1416141214121616
1616161616141616
1612161616161616
1614161416161416
1614161616141614
1412121612161612
1212121412121412
1212121414121212
1412161616121216
1616141616161416
1616141616161616
1616161616161416
1416161416161216
1416161416161416
1414161414141416
1416161616161616
1416161416161216
1416141412141414
1412141214161414
1614121214161214
1616161616161612
1414141416141616
1614141614141414
1616161614141416
1416161616141416
1616161416161616
1412161414161614
1614141416141414
1616141416161616
1612121212161616
1412121212141616
1212121212141412
1614141416141614
1212141412141616
1214121214161614
1416161616161614
1616141616161412
1616141614141414
1214121412121212
1212121212121212
1214161614161414
1414141414141212
1616141212141212
1616161414121214
1816161616141416
1616121216121214
1614121614121616
1616141416161412
1616141416161414
1216161614141416
1414141614141414
1416161412121414
1416141614141616
1818161216161616
1818161414121416
1a1a181616121616
1a1a1a1816161616
1a1a1a1a16161614
1a1a181616161414
1a1a161414141416
1a18141616141416
1416141616161416
1612141414141612
1212121214121614
1212121214141818
1416121414161a18
1414161616161a1a
1412161616181a1a
14141616181a1818
1414161416141216
1616161416161416
1616161412121416
1614141212121212
1414121214121214
1214121614141414
1214141412121416
1612141412161616
161616161a181818
141616161a181818
1416181a1a1a181a
14161a181818181a
1616161a181a1a1c
161616181a1a1a1a
161616161a181a18
141614161a1a1a18
1616161616161616
1616161214141616
1412121212121616
1214141212121414
1414161414161616
1612141616141616
1416121616161414
1616141616161614
1416121616161416
1414141214141416
1214161616141416
1614161614121416
1414141412141414
1216121212141212
1212141416121414
1414141214161616
1e1e1e1e14141414
1e1e1e1c14141416
1e1e1e1c16141616
1e1e1e1c14161616
1e1e1e1c14141414
1e1e1e1c12161416
1c1c1c1c16121214
1c1c1c1a16121414
1416141616161616
1616161614161616
1616121412121214
1414121414141414
1416141416141616
1416161616141416
1416121416161612
1416161414121616
1e1e1e1c16121614
1e1e1e1c16161614
1e1e1e1c16161616
1e1e1e1c14141616
1e1e1e1c16141212
1e1e1e1e16141214
1e1e1e1c14161414
1c1c1e1c16161616
1c1c1e1e1e1e1e1e
1c1e1e1e1e1e1e1e
1e1e1e1e1e1e1e1e
1e1e1e1e1e1e1e1e
1e1e1e1e1e1e1e1e
1c1c1c1c1e1e1e1e
1c1c1c1c1c1c1c1c
1a1a1a1a1a1a1a1a
1c1c1a181a1c1c1c
1c1c1c181a1c1c1c
1c1c1c1a1a1c1c1c
1c1c1c181a1c1c1c
1c1c1c181a1c1c1c
1c1c1a181a1c1c1c
1a1a1a18181a1a1a
1a1818161818181a
1c1c1c1c1c1c1c1c
1c1e1e1e1e1e1e1e
1e1e1e1e1e1e1e1e
1e1e1e1e1e1e1e1e
1e1e1e1c1e1e1e1e
1e1e1e1e1e1e1e1e
1c1c1e1e1e1e1e1e
1c1c1c1c1c1c1c1c
1c1c1a18181a1c1c
1c1c1a181a1c1c1c
1c1c1c181a1c1c1c
1c1c1c181a1c1c1c
1c1c1c181a1c1c1e
1c1c1a181a1c1c1c
1c1c1a181a1a1c1c
1c1a18181a1a1a1a
1e1e1e1e1e1e1e1e
1e1e1e1e1e1e1c1e
1e1e1e1c1e1e1e1e
1e1e1e1e1e1e1e1e
1e1e1e1e1e1e1e1c
1e1e1c1c1c1c1c1c
1c1c1c1c1c1c1c1c
1a1a1a1a1a1a1a1a
1010101a1e1e1e1e
1010101a1e1e1e1e
101010181e1e1e1e
101010181e1e1e1e
101010181e1e1e1e
1010101a1e1e1e1e
101010181c1c1c1c
101010181c1c1c1a
1c1c1c1c1c1c1c1c
1e1e1e1e1e1e1c1c
1e1e1e1e1e1e1e1e
1e1e1e1e1e1e1e1e
1e1e1e1e1e1e1e1c
1e1e1e1e1e1e1e1e
1e1e1e1e1e1c1c1c
1c1c1c1c1c1c1c1c
1010101a1e1e1e1c
1010101a1e1e1e1e
101010181e1e1e1e
1010101a1e1e1e1e
1010101a1e1e1e1e
1010101a1e1e1e1e
1010101a1e1e1e1e
1010101a1e1e1e1c
1412121416101010
1414141216101010
1414141214101010
1412121418101010
1212121416101010
1412101216101010
1412141016101010
1a1a141818101010
1414141416141614
1414141614141414
1412141414141614
1014141412121414
1414141410121414
1212141210121212
1412121210121212
16181a1a18141418
181a1a1214101010
1a16161216101010
1a1a141c14101010
1a141a1616101010
181c1a1614101010
1e1a181a16101010
1c1a161618101010
1a1a161416101010
181a181812161416
1a1a18181218181a
1a1c1a1a12181a1c
161c1c1c16181e1e
1a1a1e1e181e1e1e
1c1c1e1e1a1e1e1c
1a1c1e1e1e1e1e1c
1a1a1c1c1e1e1c1c
1414121214141212
1414141412121414
1414141412121214
1414121214141214
1412121214121410
1214121012121014
1214121410101212
181a1a1418141c18
1214141414141416
1414141416141414
1414121414141416
1410141414121214
1014141414101214
1412121412101212
1214121212101212
1816181a1a181414
16181a1a12121a16
1a1a16161216101c
1c1a1a141c1a1812
1e1a141a161a181a
1e181c1a16141a1a
1c1e1a181a1a1818
1c1c1a1616181418
1c1a1a1614121618
16181a1818121614
1c1a1a1818121818
121a1c1a1a12181a
1a161c1c1c16181e
1a1a1a1e1e181e1e
181c1c1e1e1a1e1e
181a1c1e1e1e1e1e
181a1a1c1c1e1e1c
1614161614161612
1414161414161414
1414141214141412
1414141416141612
1416141616141414
1616141614141410
1616161614141212
141416161616161c
1616141616161616
1616161616141616
1416141414141414
1616161414141414
1616161616161416
1614161616141616
1614141214121416
1614141214121416
161414141214121a
1414121212121610
1212121212141a18
1416161414141a18
161616161616161a
1616161616141a18
1416161616121814
1416141612141416
1414161414161414
1614121416141214
1414141414121212
1416161412121214
1616161614121216
1416161416141616
1614161416161616
1612161616161616
18181818181a1816
1818181a1a1a1816
1818181a1a1a1a16
181818181a1a1614
1818181818181414
1818181818181614
1818181818181616
1818181818181616
161416141614181a
1414161216161a18
1412161616181818
1614161616161a18
161614141414181a
1212141412141418
1614161416161618
1414161414141618
1818181818181412
1818181818181414
1818181818181414
1818181818181616
1818181818181614
1818181818181416
1818181818181614
1818181818181616
1616161616161618
1614161414141618
1616141616161818
1616161416161818
1614161616161818
1616161616161818
1416161416141818
1416161616141818
1416141616161614
1416161616161614
1616141216161616
1616161616161616
1616121414141614
1416121414121214
1214161416141216
1416161414161412
1614141414141416
1616161616141616
1414161216141616
1616141616161616
1616141616161616
1616161616161414
1616141616161412
1412161214141616
1416121416141616
1616141614161616
1614161416141616
1616161414141614
1616161614141616
1616161616161416
1616161616161416
1612121416141616
1414161616161416
1616161614161616
1614141616161616
1414161616161414
1614141414161616
1614141616161616
1616161616161616
1616161616161616
1616161416161614
1616161616161416
1616161616161614
1616161616141416
1416141214161616
1616161416161616
1616161616161616
1616161616141614
1616161614161616
1616161416161616
1416161414141616
1614161616121416
1414161416161612
1616161614161614
1616161616161616
1616161616161616
1616161616161412
1614141614141416
1616161412161614
1616161614121616
1614141616141616
1414141614161616
1416141414141614
1416161416161616
1616161616161616
1416161616161616
1616141416141416
1616141416161614
1416141416141416
1616141416161616
1614141414161416
1616161614161616
1414121414141416
1616161616161614
1416161414141614
1616141616161416
1616121416141214
1616161416161616
1616161616161616
1614121616161616
1818181614161614
1816181816161616
1818181814161616
1818181816161216
1816161816161616
1818181818161616
1818181818161616
1818181816161618
1814121414161616
1816141616161416
1816161416141416
1a16161414161614
1a1a181616161414
1818181816161614
1818161816161416
1616161618161614
1818181818141618
181818181816161a
18181a181814141a
1a181a1a1816161a
181a1a1a16181a18
1a1a181a18181818
1a1a1a1a18161818
181a1a1a16181816
1816181818181818
1818161818181616
1616181616161618
1616161818181616
1818161818181818
1816181818181818
1816181618181818
1616161818181818
1616181618181816
1618161616161616
1618181818181816
1618181818181818
1618181618181818
1616161818181818
1818181818181618
1818181816181616
1618181818181818
1818181816161618
1818181818181818
181a18181818181a
1a1a1a1a1a1a181a
1a1818181a1a1a1a
1818181a181a181a
1818181a1a181818
1618181616161616
1818181818181818
1818181818181818
181818181818181a
1a1a1a1a1a1a1a1a
1818181818181818
1818181818181818
1818181818181818
1616161818161618
1416161816161618
1616161616161816
1616161618161616
1618161816181818
1816161616161618
1816161616161616
1816181616181618
1214161416181816
1616141616181616
1614161616181616
1614141418181618
1614161618161616
1616161618181616
1414161618161616
1816161618161618
1816161616161618
1816161618181818
1818181818181818
1818181818181818
1818181818181818
1818181818181818
1818181818181818
1818181818181818
1816161818161816
1816161818161618
1816161818181616
1a1616161a181818
181816161a1a1818
18181a16181a1818
161818181a181818
161816181a181818
1614141614141412
1416161614121212
1412121414121412
1414121416121614
1416161616161616
1616161616141416
1616161214161616
1416161416161416
1416161616161614
1616161616141214
1412121616141616
1212121416141412
1614141216121212
1416161414161616
1414161616161616
1614161616161616
1616161616141618
1414161616161618
161216161614161a
161616161416161a
1416161616181a18
16161616161a1818
1616141618181818
1612161a18181816
1616141616161616
1414161416141614
1412141614161616
1616161614161416
1614161616161416
1212161616161616
1616161616161416
1414161416161416
1414161616141616
1416141614161416
1612121412121212
1212121412121416
1414161614161616
1416161616161616
1616161616161416
1616161614161416
1414141414141614
1416161414141616
1612161412121212
1212141214121212
1214161616161614
1614161616161616
1616161216161416
1616161616161614
1416161614121612
1216161212121414
1216161614141616
1616161616161616
1616161616161614
1616161416161616
1614141416141216
1412161414161212
1616161616161612
1614141612121412
1616161412121214
1616161616141616
1412161616161616
1616161616161616
1616141616161214
1614121216161416
1414161414161614
1616161616161616
1412121212141412
1212121414141412
1614121216141612
1614141414161412
1416161416161616
1414141616141614
1a1a161414141416
1a1a181414141616
1a1a1a1612121414
1a1a1a1614121214
181a181614121416
1a1a181616141612
181a181616161616
1818161616121616
1616161616161616
1614161616161616
1616161412121416
1614141616161616
1614161616141616
1616161616161616
1616161616161416
1414161614121214
1a18181616161616
1a18181416161616
1a1a181416121412
1818181214141416
1818181416161616
181a181616161616
1818181616161616
1818181616141412
1416161a1a1a1818
1614181a1a1a1a1a
1214181a181a1a1a
1414161a18181818
1412121818181818
1414141618181818
1616161618181818
1212161818181818
1412141616141414
1614121214121416
1416141412141214
1414161614161616
1412141414121614
1412161414141612
1414161414141412
1614141614141412
1616161818181818
1216161818181818
1416161818181818
1616161818181818
161414181818181a
1614161818181818
1616161818181818
1414161818181818
1414141616161616
1416161616161616
1416161612161414
1616161616161616
1616161614161214
1616161616161616
1416161616161614
1616141616161616
1614141416161214
1612141212161616
1616161414161414
1614141614161414
1416161416141414
1214141414141212
1416121614141616
1416121614141414
1a1a1a1a16161616
1c1c1c1a14161616
1c1c1c1c16141614
1c1c1c1c14161412
1a1a1c1a16161616
1a1a1a1a16141416
1818181816141616
1818181616161616
1614121216161214
1614141616161616
1616161614161616
1616161416161616
1414161616161416
1616161414161416
1616161614161616
1216161616161616
1818181816141416
1a1a1a1a14161416
1816181816161416
1616141616161616
1614121416161616
1616161414121416
1214161616161616
1212161416161414
181a1a1a1a1a1a1a
1a1a1a1a1a1a1a1a
1a1a1a1c1c1c1c1c
1a1a1c1c1c1c1c1c
1a1a1a1a1a1a1a1a
1818181818181a1a
1818181818181818
1818181818181818
1818161618181818
1a1a181618181a1a
1a1a1818181a1a1a
1a1a1818181a1a1a
1a1818161818181a
1818161616161818
1818161616161818
1818161616161818
1818181818181818
1a1a1a1a1a1a1a1a
1818161816161818
1616161614161616
1616141416161616
1216161614121416
1616161616161616
1614161412121412
1818161616181818
1818181618181818
1616161616161616
1616161614141216
1616161616161616
1416161616121414
1616161614141412
1614161616161614
1a1a1a1a1a1a1a18
1a1a1a1a1a1a1a1a
1c1c1c1c1c1a1a1a
1c1c1c1c1a1a1a1a
1a1a1a1a1a1a1a1a
1a1a181818181818
1818181818181818
1818181818181818
101010181a1a1a1a
101010181c1c1c1a
1010101a1c1c1c1c
101010181c1c1c1c
101010181c1a1a1a
101010161a1a1a1a
1010101818181818
1010101618181818
1818181818181818
1a1a1a1a1a1a1818
1818181816181816
1616161614161616
1414161616161416
1414161614161216
1416161616161414
1214161416141616
1010101818181818
101010181a1a1a1a
1010101616181618
1010101614121616
1010101616141412
1010101414141616
1010101212141616
1010101416141212
1614141418101010
1a1a181616101010
1c1a141414101010
1c1a181a16101010
161a1a1616101010
1a141a1618101010
181a101c18101010
1c16181016101010
14181a1a1c1c1a18
1a1c1c1e1e1e1c1c
1c1c1e1e1e1e1e1e
1c1c1e1e1a1e1e1a
181a1e1c161e1e1c
181c1c1c16161e1e
1a1c1c1a1218181e
1a1a18181218181a
1818181416101010
1a1a181a16101010
1416141616101010
1614161614101010
1416141414101010
1412121416101010
1616141416101010
1216141412101010
181a181814161416
18181a1a1a18181a
1416161416161614
1214121414141214
1616161414161616
1614121212121212
1212121612121212
1614161614141614
1816141414181414
1c1a1a1816141618
1e1c1a1414161418
1a1c1a181a1c1818
1c161a1a16141a1c
1e1a141a161a1a16
1e181a101c1c1614
1a1c16181012121c
1414181a1a1c1c1a
181a1c1c1e1e1e1c
181c1c1e1e1e1e1e
181c1c1e1e1a1e1e
1c181a1e1c161e1e
16181c1c1c16161e
141a1c1c1a121818
1c1a1a1818121818
1618181814121c16
1a1a1a181a1a1a18
1414161216141616
1414141414141212
1416161416161614
1416161212121614
1616161416121416
1214161614161616
16181a1818141614
1a18181a1a181818
1616141414121416
1216161414121212
1416161216141216
1614141416141614
1416161616161416
1414141412161616
1414141616161614
1414141616161616
1616161614161614
1614161214121c18
161614121616161a
1616161616161a1a
1416141616161c16
1616161616161212
1616141616141616
1214161616161414
1616161614161614
1616161616141614
1616161614141616
1616161616161414
1614161416161616
1616161416161616
161616161614121c
1616141414161818
1614141414141614
1414161616161614
1616161616121414
1614161414161614
1212121614141616
1212121212121214
1614141416161616
1616161614141616
1416161416161616
1212141616161614
1414161614161216
1416161416161616
1416161216141214
1412121212121212
1818181818181616
1818181818181614
1818181818181616
1618181818181616
1818181818181616
1818181818181816
181818181a1a1816
1818181a1a1a1a16
1412141616141818
1412121214121818
1614121616161818
1616161616161816
1616161616161818
1616141416181818
1416141416181818
16141416161a1818
1818181a181a1816
1818181818181414
1618181818181214
1818181818181416
1618181818181616
1818181818181614
1818181818181416
1818181818181412
16161414161a1818
1616161616161a18
1414141614141818
1414141414161818
1414141212161818
1216161414161818
1412161616161818
1614121614181818
1214141616141216
1614161614141414
1616161616141416
1616161616161616
1616141614141216
1616161616161614
1416161416161612
1616161416161416
1616141412161616
1614121416161614
1414161614161414
1416141212161614
1616141616141416
1616161616141616
1416161616161616
1614161614161616
1414141416161616
1616161616141416
1616161616161616
1212161414141416
1416161616141414
1414141212161212
1414161212161614
1212141414141616
1616141614161612
1816161612141616
1616161616161616
1616161616161614
1616141614161614
1814121214141412
1616161416161412
1414141612121212
1616161616161616
1416141216161616
1416141416161616
1414141414161414
1614161616181616
1816161616181616
18141416161a1816
1814141618181818
1616161614181616
16161614161a1816
18161616181a1816
1816161416181816
1816141616181818
181616161418181a
181816141618181a
181a1818181a181a
1816161618181818
1614161a1a18181a
181614181a1a1a18
161616161a1a1a18
161616181a1a1a1a
1816141a18181a1a
1814141a1818181a
1814141818181818
181a1a1a18181818
18181a1818181818
181a1a1818181818
18181818181a1818
1818181818181818
1a18181818181818
1a18181818181818
181818181818181a
1816161618181616
1818181818181616
1818181818181618
1818181a1a181618
1818181a181a1a1a
18181818181a1a1a
181a181a1a181618
16181a1a18181618
18181a1816181616
1a1a1a1816181818
1a18181818181816
1818181818181818
1818181818181818
1818181816181818
161618181818181a
1818181818181a18
1a18181a18181618
1c1a181818181618
1a1a1a1a18181818
181818181818181a
1818181818181818
1818181818181a18
1818161818181818
1818181818181818
1816181a1a181a1a
1816181818181818
1818181818181818
1818181818181a18
1818181818181818
1818181818181818
1818181818181818
1818181818181818
18181818181a181a
1818181818181818
1818181818181a1a
1818181818181818
1818181818181818
1818181818181818
1818181616181618
1818181818181818
1818181818181818
1818181818181818
1818181818181818
1a1818181818181a
1818181818181818
1818181818181818
1616161818181618
1818181818181818
1818181818181818
1818181818181818
1816161618161818
1816181818161818
181a1a1a18181818
1a1a181a1a161818
1a1a1a1a18181818
1a1a1a1a18181818
1818181a18181818
1818181818181818
1816161616161616
1816181816181816
1a1818181a181a18
181a1a1a1a1a1818
181818181818181a
1818181818181818
1818181818181818
1818181818181818
1818181818181818
181818181818181a
1818181818181818
1818181818181818
1616161616181616
1818181818181818
1618181818181818
18181818181a1818
18181818181a1818
18181a1a181a1818
181a1a1a1a1a1818
181818181a181818
1a181a1a18181816
18181a181a181818
1818181818181818
1818181818181818
1818181616161616
1818181818181818
1818181a1a181818
1818181a1a1a1818
1818181a1a1a1818
181818181a1a181a
181a1a1a18181818
16181a1818181818
18181a1818181818
1818181818181818
1818181818181818
1818181818181818
1818181818181818
1818181818181818
1614161816181818
1614181816181818
1614181616181818
18161818181a1818
1a1a181818181818
181a181818181818
1818181818181a18
1816181818181a16
1616181616141616
14161a1616161416
16181a1816161618
16161a1614161418
181618141414161a
181618161416161a
1a18181616161818
18181a1818161818
181618181a181818
1816181818181818
1a181a1a1a181a18
1818181818181818
1a18181818181818
1a18181818181818
1818181818181816
1818181818181818
1a1618181a1a1a18
18181818181a1818
18181818181a1a18
1a18181818181818
1a18181818181818
1818181818181818
1818181618181818
1816181616161618
1614141412141216
1416141414161616
1614121214161616
1216161214141416
1216181616121216
1416181612161616
16161a1614121418
161a181816161618
1616161616161616
1614161614121214
1614141414141414
1414141416141614
1214121616161614
1414141616141216
1614141614161416
1616141616121414
1818181818161418
1a1a181a1a161416
181a1a1a1a181616
181a1a1a18161618
181a1a1a18161418
1a181a1a1a181618
1a1818181a181618
1818181818161618
1616161414161614
1616161614161616
1416161616161414
1612141616161412
1414161616161616
1616161616161616
1616161616161616
1616141616161616
1614141612141616
1616161614141414
1412161616161414
1414121416121414
1416141616161614
1414141412161614
1414121414161616
1616161616161614
1a18181616141414
1818181416141616
1818181616161416
1818181214161416
1818181414161616
1818181614141614
181a181814161616
1a1a1a1a16161414
1616161614141416
1616161616161614
1616141616161616
1614161616141414
1614141616141614
1616161616161614
1616161616161616
1616161416161616
18181a1a16141416
1818181616161614
1818181616161616
1818181614161416
1818181616161616
1818181616141416
1818181616161616
1818181616141414
1614161818181818
1616141818181818
1616161818181818
1614161818181818
1616161818181818
1616181a18181818
14161a18181a1a1a
14161a181a1a1a1a
1614121616161216
1416121614141216
1616161614161616
1616141614141616
1616161616161616
1216141214141614
1214141414141616
1616161616161616
1616181a18181818
1416161818181818
1614161818181818
1414161818181818
161616181818181a
1614161818181818
1616161818181818
1616161818181818
1416161614141414
1614141414161614
1616161616161616
1412161616161214
1616161614161616
1616161414141616
1614161414161616
1614141616161616
1212161616161616
1414141616161614
1614161414161616
1416161616141616
1414161416141616
1212121212141416
1614161414141612
1616161616161616
1616141614161414
1616161412141616
1414161414141614
1212161616141214
1212141212121412
1416161616141412
1614161416161614
1216141616121616
1616121416141616
1416161616161616
1414161416161616
1614141616161614
1616141616141616
1616161614161616
1616161616161614
1416141416161616
1616161616161616
1416141614161614
1614141416141414
1616161616161616
1416161616161616
1414161616161616
1616161616161616
1416141416141216
1416161214141614
1616141416141416
1214161616161614
1614141214141212
1416141212121212
1414161616141614
1416161616161616
1616141616161616
1216161414141416
1414161412141614
1416141616161614
1614141416121616
1614161614161616
1414141214161212
1616141414161616
1414161616161616
1616161614141416
1616161614161414
1614141416141214
1616141616161616
1616161616161614
1414141614141416
1614161616161614
1414161614141414
1616161616161616
1416161616161616
1616141414141414
1414121616161416
1616141616161616
1416161414161414
1616141614161616
1414141616141614
1416161414141616
1414141414141616
1616161414161416
1614121414141414
1616141612161416
1614161616161616
1614121216121214
1416121416141416
1010101616161214
1010101416161412
1010101616161614
1010101614161616
1010101414161614
1010101214121614
1010101214121214
1010101616161616
1414141414161616
1616161616141616
1616161616161616
1616141416161414
1414141414141416
1614161414161616
1616161616161214
1416121616161616
1010101614161616
1010101616141616
1010101416141614
1010101212141414
1010101616141414
1010101616161616
1010101616161616
1010101616161414
1612121212101010
1212121212101010
1214121214101010
1214141416101010
1414161414101010
1616141412101010
1612161616101010
1614141614101010
1414141616141414
1212121212121212
1212141212121212
1214161414161212
1414121412141416
1414121216141416
1214161216161614
1416161216161612
1216141416101010
1614141616101010
1416161616101010
1414161612101010
1816141616101010
1a181a1816101010
1a1a1a1a18101010
18181a1a18101010
1416141416161412
1614121614121416
1616121614141616
1614161416161616
1616161618181818
1618181a1a18181a
181a1a1a1a181a1a
1a1a1a181a1a181a
1212141616121214
1212121414121212
1212121412121212
1212121416161212
1216141414161414
1416121416141614
1412121416161412
1416161614121214
1614121212141212
1214141212121212
1616161212141212
1412141414141412
1614121614141616
1614141616141412
1414141614141616
1412121216161614
1414141212121214
1616161614141416
1616161616161616
1416141212141214
1212121212141214
1412121614121214
1414121412121418
1414121214161818
1212121416121416
1416141614161616
1416161614141614
1214141212121414
1212121212121414
1212121214141412
1212121216161614
1214141212161616
1212121212121212
1414121212121414
1416141414161414
1214141612141212
1416141614121212
1616161616141412
1414141614141214
1212161214161214
1212121212121212
1212121212121214
1412121214121614
1414121214161414
1214141412121416
1212161414141414
1414161614141414
1414121616161612
1212141414141414
1414141614161414
1614161414161416
1412161412121212
1412141212121212
1612141212121212
1412121212121212
1214121216141414
1614121416121414
1214161414141614
1414121416161616
1616161416161212
1416121416141212
1214121214141212
1414141412141212
1414141414141214
1818181818181612
1818181818181614
1818181818181616
1818181818181612
1818181818181612
1818181818181616
1618181818181616
1818181818181616
1416141816181818
1212141616181818
1212121214181816
1212121414181818
1414141416181818
1616121216181818
1616161414181818
1414161414181818
1818181818181816
181818181a1a1a18
1818181a1a1a1a16
1818181818181814
1818181818181616
1818181818181612
1818181818181614
1818181818181414
1414161618181818
1414121218181818
141414141a181818
14161616181a1818
1614121614181818
1214141614181818
1614141616181618
1616141416181818
1412161416141616
1614121616141412
1416141212121212
1414121212121212
1412141412141614
1612141412161214
1614141216141216
1412121416121216
1412141416141214
1614161412161616
1416161616161614
1416161616141416
1414121212121216
1614141414121414
1414161416121212
1614141414141412
1414121414161416
1412141416121616
1412141416141414
1412161212121414
1412121414121216
1414121614141414
1614121412161614
1416121614161616
1614141612161614
1812121414161616
1814141416161414
1614161414141214
1616121416121214
1614121416161212
1616141616141212
1416141616141416
1812161618181818
1814141618181818
1816161818181818
1616141818181818
1816141618181818
1816121818161818
1614141816181818
1812161818181818
1818181818181818
1818181a18181818
181818181a18181a
181a1816181a1818
1818161616181818
1818181616181818
181818161618181a
1818181616181818
1812141818181818
161416181818181a
1616181818181a1a
1616161818181818
1616141818181818
1616141816181818
1816161818181818
1614141818181818
1818181818181818
1818181616181818
1818181616181818
181818181618181a
1818181616181818
1818181818181818
1818181818181818
1818181818181818
1818181818181818
1818181818181818
1616161818181818
1616161818181818
1616161618181818
1618161818181818
1616181616181818
1816161618181818
1816181818181818
1816181818181818
1816181818181818
1818181818181816
1818181818181616
1818181818181616
1816181818181616
1818181818181616
1616161616181818
1816161618181818
1818161616181818
1818181618181818
1818181818181818
1818181818181818
1818181818181818
1818181818181818
1818181818181616
1816181818181618
1816181818181618
1816181818181618
1818181818181618
1816181818181818
1818181816161818
1818181818181818
181a1a1a18181818
1818181818181818
1618181a18181818
1616181818181818
161616181a181818
1616161818181816
1616161618181818
1616161618181818
1818181616161818
1816161616141616
1616161616161616
1616161616161616
1616161616161616
1816161616161616
1618161616161616
1616161816161616
1616161618181818
1816161818181818
1616161618181818
1616161618181818
1616161618181818
1818161816181818
1816161618161818
1616161618181818
1818181818181616
1818181818181816
1818181818181616
1818181818181616
1618181818181616
1618181818181816
1618181618181816
1618161618181816
181818181a1a1818
1818181a1a181818
1818181a18181818
1818181a18181816
1818181a18181616
1818181818181616
18181a1818161616
1818181818161818
1818181818181818
1818181818181818
1818181818181818
1618181818181818
1616181818181818
1816181818181818
1816181818181818
1616181818181818
1818181a16161616
1818181818181616
1818181816181816
1818181818161616
1818181816181618
1818181818181818
1816181818181818
1818181816161616
1616181818181818
1816181818181818
1616181818181818
1818181818181818
1816181818181818
1818181818181818
1816161818181618
1818181818181818
181818181a181818
181818181a181818
1818181818161616
1818181816161618
1818181816161618
1818181816181616
1818181816181616
1818181816161616
1816161818181818
1818181818181818
1816181816181818
1816181616181818
1816181616161818
1816161616181818
1816161616161818
1818161616161818
1818181818161616
1818181816181616
1818181816161818
1818181818161818
1818181818181818
1818181818181818
1818181616161818
1818181818181818
1818161616161618
1618161616161818
1818181616161818
1818161816161818
1818181616161818
1818181818181818
1818181818181618
1818181616181818
1818181818161616
1818181818161618
1618181818141618
1818181818161416
1818181818141216
1818181818161418
1818181818161418
1818181818121416
1416141416161414
1616161616161616
1412161614141416
1214141416161614
1416141416161416
1616161616121214
1614141416161416
1414141416161616
1818181818141416
1818181818181416
18181a181a181416
1816181818161616
1818181818161616
1818181818161216
1818181818141218
1818181618141216
1616161616161616
1414121614121418
1414141414141418
1414141414161616
1614161614161616
1614141614141616
1414141414141612
1612121614161412
1414141416161614
1616161616161616
1614161214161616
1612121416161614
1614161414161616
1416161416141416
1414141412121414
1616161416141614
1818181616141214
1a18181616161616
1818181616161416
1818181616161616
1818181814161616
1818181812141614
1818181614161614
1a18181616141416
1616161616161616
1616161614141414
1414141616141416
1414161614141416
1412141616141412
1616141614141216
1416141214141414
1414161214141414
1818181816161616
1a1a181818141616
1a1a1a1a18141416
1818181816141414
1818181812141416
1818181816141414
1618181814121214
1818181816121414
1416161818181818
1416161818181818
1414161818181818
1616161818181818
1414161818181818
1616161818181818
1616161818181818
1416181818181818
1414141616161412
1616161616161616
1616161612161616
1416161414141214
1414161414141414
1414161614161416
1416161616161616
1616141416161414
1418181818181818
16181818181a1a1a
14181a181818181a
1616181818181818
1416181818181818
1414161818181818
1414181818181818
1416181818181818
1616161616161614
1616161616161616
1614141416161616
1416141416161616
1214141616161414
1416161414161616
1414141616141616
1612141416141414
1416161414141416
1616161616161616
1616161416141616
1616141416161614
1616141614161616
1616141616161416
1414141614141416
1416161614161616
1614141616141416
1616141616161616
1614161414121616
1616141214141616
1414141614141414
1416161614161616
1616161616161614
1414141414141416
1416161616161416
1616141414141416
1616141616161616
1416141614141616
1216141412121412
1616121614141214
1416121616141416
1616141616161414
1414161616161414
1612161616161416
1616141614161416
1416161616161614
1214141614161412
1414141616161414
1616141414141614
1614141616161416
1416161414141414
1416161616161616
1416161616141614
1616141616161616
1414161614141616
1614161616141416
1616161616161614
1416141614141416
1416141414141614
1616141616141616
1614141616141614
1616161616161616
1414161414141414
1416161614141416
1614161616161616
1616141614161416
1414141416121614
1214141616141616
1616161414161416
1416161416161616
1616161414161412
1616161614161616
1612161416161616
1616161416161614
1412161414121612
1614141614141614
1414121616161616
1616141416161416
1614161416121416
1616161414141616
1616121214141616
1216141414161614
1612141416141414
1416161416161614
1616141416141616
1616161614161616
1614121414161414
1416161614141614
1616181816141616
1618181816141616
1010101614161614
1010101614141614
1010101616141614
1010101616141616
1010101a18161614
101010181a141414
101010161a161616
101010161a161416
1818181818141614
1818181818141414
1a1a18181a181416
181a1a1a18161416
181a1a181a141616
181a1a1a1a141416
1a1a18181a181414
1818181818181616
1010101818181618
101010181818161a
101010161818181a
1010101618181618
1010101618181618
1010101618181618
10101018181a1a1a
1010101616181818
1a1a181a1a101010
1818181a1a101010
18181a1a18101010
1a1a1a1a18101010
1a1a1a1a18101010
1a1a1a181a101010
1a1818181a101010
1818181a1a101010
1a1a1a1a1a1a1a1a
1a181a1a1a181818
18181a1a18181a1a
1a1a1a1a1a1a1a1a
1a1a1a1a181a1a1a
1a181a1a1a1a1a1a
1a1a18181a1a1a1a
1a1a18181a1a1a18
1a18181a1a101010
1a181a1a1a101010
1a18181a1a101010
1a1a181818101010
1a18161616101010
1816161616101010
1816161416101010
1616161414101010
1a1a1a1a1a181a1a
1a1a1a1a1a1a181a
18181a1a181a181a
1a1a1a1a1a18181a
1a1a1a1a18181a1a
1a1a1a1a18181a18
181a1a1a18181a18
181a1a1a1a1a1a18
1212141216181a18
1412141618181a18
1414161a1a181a1a
161818181a1a181a
1a1818181a1a1a1a
1a1a1a1a1a1a1a1a
1a1a1a1a1a1a1a1a
181a1a1a18181a1a
1616141414161414
1616161616161614
1616161616141616
1614161614161416
1812141616161618
1816141616141618
1816121416121618
1816141614121618
181a1a181a1a1a1a
1a181a1a1a1a1a1a
1818181a1a1a1a1a
181a181a1a181a1a
1818181a1a18181a
16181a1a1a18181a
1618181a18181818
1616181816161616
1816141214141618
181614141614161a
1814141416121618
1816141614161616
1816141616141416
1816161614121416
1816161612121416
1a16121414141212
1616141416161614
161616181a1a1816
14161a1816181a18
14161a161614181a
1416181616141618
1216181616161418
12161a1816161618
16161a1614161618
1414141414141416
1212141214161414
1414141214161412
1616141416141616
1614141416141416
1414141616121616
1414161616161616
1614141616161616
14161a1616161418
16161a1416141616
1618181416161616
1618181816141416
1618181a16141416
1618181616121416
1618181616121616
1618161612141416
1616141616161616
1616161614161616
1414161614141616
1616121414121614
1616141414141616
1214161414161414
1616161414161614
1614161212141616
1818181818181614
1818181818181412
1618181818181614
1818181818181614
1818181818181614
1818181818181616
1818181818181616
1818181818181616
1616141214181616
1414121214181616
1214121214181818
1216141216181616
1214121216181616
1414141614181616
1616141616181616
1614141216181616
1818181818181616
1818181818181616
1818181818181614
1818181818181816
1818181818181818
1818181818181818
1818161818181818
1818181818181818
1414161616181818
1414161618181818
1818141418181818
181a18161a181616
181a18181a181616
1818181818181816
1818181818181616
1818181818161818
1414161616161414
1414161416161616
1616161616141616
1616141412121416
1416141614121616
1416161416121616
1416161616121616
1618181816141416
1616141212161614
1614121212161616
1616161214161416
1616161216121216
1816161616161614
1816161616161614
1816141614161612
1612141414141414
1818181a18141614
1816161818121616
1814181618141614
1816161618181818
181616161a1a181a
181616161a181818
1816161818181618
1814161818181818
1612161616161614
1616161616161616
181a181616141616
1616181618181818
16161a18181a1a1a
1618181818181818
16181a1818181818
1616181818181818
1814161818181818
1616161818181818
1816161818181818
1816161818181818
1616181818181818
16141a181818181a
1614181818181818
1614161818181818
1818181818181818
181818181a18181a
18181816181a181a
18181616161a1a18
1818181616181818
181a18181818181a
181a181818181818
1818181818181818
1616161818181818
1614161818181818
16161a1818181818
16181a1818181816
181a1a1a18181816
1818181818181814
1816161818181814
1816161818181816
1818181816181818
181a18181818181a
181a18181818181a
1a1a181a1a1a181a
1818181818181818
1818181818181818
1818181818181818
1818181818181a18
18181a1818181818
1816181818181818
161616181a181818
1818161618181818
1818161618181818
1618161818181818
1618161618181818
1618161618181818
1818181818181818
1818181818181818
1816181818181816
1816181818181616
1816181818181818
1816181818181618
1816181818181618
1816181818181616
1618161618181818
1818161618181818
1818181a1818181a
18181a1a181a1a1a
1818181818181818
1818181818181818
1818181818181818
1818181818181618
1818181818181616
1818181818181618
1a1a181a18181818
1a1a1a1a1a1a1a18
1818181818181818
1818181818181818
1818181818181818
1818181818181818
1616161618181818
1616161618181818
1618161618181818
1616161618181818
1816161618181818
1616161618181818
1818161618181818
1616161618181818
1818181618181818
1818161618161818
1818161616161618
1818181818181616
1818181818181618
1818181818181818
1818181a1a181816
1818181818181818
1816161618181818
1616181818181816
1818181a1a1a1a1a
1a1a1a1a1a1a1a1a
1818181818181818
1818181818181818
1818181618181818
1818181618181818
1818181818181818
18181a1a18181818
1a1a1a1a1a1a1a1a
1a1a1a1a1a1a1a1a
1818181818181818
1818181818181818
1818181818181818
1818181618181816
1818181816161618
1818181816161618
1818181816161618
1818181818161618
1818181816161618
1818181816181818
1818181816161818
1818181816161618
1818181818181818
1818181818181818
1618181818181818
1618181818181818
1818181818181818
1818181818181818
1618181818181618
1816181818181818
1818181816161618
1818181818161818
1a1a1a1a1a1a1a1a
1a1a1a1a1a1a1a1a
1818181818181818
1818181818181818
1818181818181818
1818181816181818
1816181818181818
1618181a18181818
161618181818181a
181818181818181a
1818181818181818
1818181818181818
1816161816181818
1816181616181818
1818181818181818
1818181818161618
1818181818161616
1818181a18181616
1818181816181618
1818181816181816
1818181816161618
1818181816161616
1818181818181818
1818181818181618
1818181616181818
1816181616161818
1816161616161818
1816181816161818
1816181616161818
1816161616181818
1818181818181816
1818181818181818
181818181618181a
18181a181618181a
1818181616181818
1818181818181818
1818181818181818
1818181818181818
1818181816181818
1818161818161818
1818181818181818
181a1a1a181a1818
1818181818181818
1818181818181818
1818181816181816
18181818181a1a1a
1818161818121214
1818181818121216
1818161818141216
1816181818141218
1818181818181216
1818181818181416
1816181818181416
1818181818161616
1412161614121212
1212121612121212
1212121212121214
1414121214121212
1414121216121418
1412161212121418
1412121212141616
1612161614161412
1816161818161216
1818181818181616
1618161818161416
181818181818181a
1818181a18181818
1818181818181818
1818181818181a18
1818181818181a18
1612141614161414
1414121212121416
1614141414141414
1616181a1618181a
181818181818181a
1818181818181818
18161618181a1818
1816181816181818
1212121216141616
1412121216141614
1414141216161412
1614161214161414
1614161214141414
1412161212141616
1416161412121414
1414161616141414
1818181816121212
1818181814121212
1818181816121214
1818181814141214
1818181814141414
1818181816141416
1818181816161414
1618181814121616
1414121414141416
1614121616141416
1616141618141214
161616181a181816
1818181818181818
1818181a18181818
1818161a18181818
1816181a18181818
1818181816121414
1818181816141614
1818181816141616
1818181816161616
1818181818181618
1818181818181818
1818181818161818
1816181818181618
1416161816181818
1614181818181818
1412181618181818
1614161818181818
1416141818181818
1614161618181818
1216181618181818
1216161818181818
1414161612141414
1414121612121216
1214121216141214
1214121414161616
1212121616161414
1212141412121214
1214161612121212
1412121214121212
1412161818181818
1614161618181818
1416181618181818
1416181818181818
1618181818181818
1618181818181818
1618161818181618
1618161818161818
1414121216141212
1214141214141216
1614141214141212
1416161616141216
1212141214141216
1216141212141212
1216161412141212
1214121412161212
1614161414141614
1416141616141616
1214121212121212
1212141214141212
1614141216161214
1816141212141212
1818141212121216
1818141212121216
1414141416141414
1416161214161212
1616161414161212
1416141414141214
1614141616161614
1616161414181a18
14141616161a1818
1614141616181818
1618141212161216
1818161414141212
1818161214141212
1618181212161212
1618181212161414
1818181214161614
1818181216161612
1818181216161612
16141416161a1818
1616161616181816
1616161214181816
1616161216181818
1616161214181816
1616161414181816
1416161216181818
1212121216181818
1616141414141616
1416141616141616
1616161616161614
1616161614141616
1616161616161614
1216161614161614
1416121212161614
1614161416161414
1212161614141416
1616141616161616
1614121616161416
1414141614161616
1416161216161414
1416141414141414
1616161412141414
1414141614141414
1412141616161216
1414121614161416
1416161616141414
1616141616161616
1614141616161416
1416121614141416
1616161416161416
1616141616141616
1414161412141616
1216141614161616
1414121416141614
1614161216141614
1612161214121216
1212141616141212
1412161616161616
1614141214161616
1818181818161414
1818181818161616
1818181818141416
1818181818141416
1818181818141416
1818181818161416
1818181818161616
1818181818141412
1010101618181818
1010101618181818
1010101618181818
1010101818181818
1010101818181818
1010101816181818
1010101618181818
1010101616181818
1818181818141412
1818181818161614
1818181818161216
181818181a181814
1818181818181814
1818181818181616
181818161a181414
1818181818181616
1010101816181818
1010101818181818
1010101816181818
1010101616181818
1010101616161818
1010101816181a18
1010101818181a18
1010101618181818
1616161614101010
1618161616101010
1818161216101010
1a18141214101010
1a16121416101010
1816141616101010
1616161616101010
1816161616101010
1618181a1a181a18
181a1a1816181a18
1818181a18181a1a
1616161a1816181a
181818181a181a1a
1818181818181818
1816181616181818
1816161616161616
1618181a18101010
1616181816101010
1816181818101010
18181a1818101010
1616181a18101010
1618181a18101010
1818181818101010
181818181a101010
1816161818161618
1816161818161616
1816161818181616
1818181818181816
1818181818181616
1818181818181616
1818161616181818
1616161618181818
1614161616141616
1614161616141616
1614161616161616
1816161816181816
1818181816161818
1818181818181818
1816181818181818
1616161816161818
1a18121416161414
1818121616141414
1818161616161616
1818181618181818
1818161818161818
1618181818161816
1618181818181818
1616181818161818
1a18181816161818
1a18181618161816
1818181818181616
1a18161818161618
1818161616181618
1a18181818181818
1a18161616161618
1818181818161616
1618181818181818
181a1a1a18181818
181a181a1a161818
181a181818161818
1818181a1a181818
181a181a1a181818
1818161818181818
16161616181a1818
1818161614121616
1618161616141616
1818161614141612
1818161414161616
1818141416161416
1818161416161616
1818161614161416
1616161616161416
1616161412121616
1616161412141414
1616181616161416
1818181818181818
1818181818161618
1818181818161818
1818181818181818
1618181616161818
1616161616161418
1616141212161616
1816161216141616
1616121214141416
1616121214161616
1816141214141616
1616141212141614
1816141212161416
1618181816161818
1a18181816161818
1a18161816181818
1a18161618161616
1a18161616181616
1a18181616181816
1a18181616181816
1818181616181816
1818181618181618
1818181618181818
1818181818181818
181818181818181a
1818181818181a1a
1816181818181818
1818181818181818
1816161818161818
1818181618181616
1818161818181816
1818181818181616
1818161816181618
181a181818181618
181a1a1818181816
1818161816181818
1416161816181a1a
1816181a1a16181a
1816181a181a1a1a
18181818181a1a1a
1616181818181a18
1616181818181a1a
181818181818181c
181816181818181a
181818181818181a
1616181816181816
18181818161a1816
1818181816161818
1818181818181818
1818181818181818
1816161818181618
1818161818181618
16181818181a1818
181416161a181818
1812161618181818
1816161618181818
1816161618181818
1814161618181818
1614161618181818
1614161616181818
1612161816181814
16181a1818181818
1816181818181818
16161a1818181818
161618181818161a
16161a18181a1818
1616181818181818
1616181818181818
1616181818181818
1614161818181614
1614161616181816
1614161616181818
1614161614181818
1616161616181818
1612141616181818
1612161616181818
1612161618181616
1616161818181818
1618161a18181818
1616161816181818
1618161816181818
1616161818181818
1616161818181a18
1614161818161818
1214161816161618
1816181818181814
1816161818181816
1a16181818181816
1a16161818181814
1a16161818181816
1a16161618181814
1814161618181614
1814161618181616
181a1a18181a1a18
18181a1818181818
18181a1a18181818
181818181818181a
1818181a1a18181a
1818181a1a181818
1818181818181818
1818181818181618
1a16161618181616
1a14161618161416
1814161618181616
1816161618181614
1816161618181616
1816161618181612
1814161618181612
1816161818181614
18161818181a181a
181616181818181a
1818161818181818
1618161818161818
1818161818181818
1818161818181818
1618161818181816
1818181816161618
1818181a181a1818
1818181816181a18
1818181816181818
1818181816181816
1818181816181818
1818181816161818
1818181816161818
1818181616161818
1818181818181818
1818181818181818
18181a1a1a1a1818
1a1a1a18181a1818
16181a16181a181a
161616161818181a
161616161618181a
16161616161a1818
1818181616161a18
181a1a1616141816
181a181816161818
1818181816161818
1618161816181818
1616161818181818
1818161818161616
1818181818161818
1618161616181818
1616161616181818
1818181618181818
1616181818181818
1818181816181818
1818181818181616
1818181818181818
1818181618181818
1818181818181618
1818181818181818
1818181818181818
181816181818181a
1818181818181818
1818181818181818
181a1a1818181818
1818181818181818
1618181818181818
1818181818181818
1a1818181a181818
1818181818181818
1818181818181816
1818181a18181816
1a1a1a1a1a1a1a18
181a1a1a1a181818
1818161618181818
1818181818181818
1818181818181818
1818181816181818
1818181818161818
18181a1818181818
1818181a18181818
1818181818181818
18181a1a18181818
18181a1a1a181818
1818181818181818
16181a1a18181818
181818181a181818
1a1a1a1a1a1a1a18
1818181a18181816
1818181a18181818
1818181818181818
1818181818181818
1818181818181818
1618181818181818
181818161818181a
1818181818181a1a
181a1a181a1a1a18
161a1a181a1a1a18
1816181816181818
1818181616181818
1818181818181818
1818181818181a18
181818181818181a
1818161818181818
1816161818181818
1818161818181818
16181a181a1a1816
18181818181a1818
1818181818181a1a
18181816181a1a18
181818181a1a1a18
18181a1a1a1a1a18
18181a1818181818
181a181816181618
1818161818181818
1818161618181818
1818161818181818
1818181816161818
1816161818181818
1618181818181818
1818181818181818
181818181818181a
181a181818181818
1818181a18181818
1818161818181818
1818161818181818
1818161818181818
1618161818181818
16161616181a1818
18181818181a1a1a
181818181a181a16
1818181818181816
161818181a161818
1618181818181816
161818181a161816
161818181a161816
1618181a18161816
18181a1a18181816
16181618181a181a
16181818181a1818
1618161818181818
1618181818181818
1818181818161618
1618181818161616
1818181616161818
1816181818181818
16181a1816161816
1818181818161816
1818181818161816
1618181818181816
1818181818161818
18181a1818161816
1618181818181818
1818181818181818
1818181818181a16
1818181618181a16
18181a1616181818
16181a1816181816
16161816161a1818
18181816181a1818
181a181616181816
181a1816161a1816
1818181a16181818
1818181816181818
1818181816181818
1818181816181818
1a18181616161818
1a1a181618161818
181a1a1616161818
1a1a1a1816161818
1618181818181818
161a1816161a1818
1818161616181818
18181816161a1816
1818181816181816
1616181818181816
18181816181a1a16
1818181618181818
1a1a181616161818
181a181618181818
1a18181818181818
1818181818161818
1818181816161818
1818181616181816
1818181818161818
18181a181816181a
1818181818181816
1818181a18181818
1818181a18181a18
1818181818181818
1a18181a18181a1a
1816181818181a1a
1a1a181818181818
1818181818161818
1816181818181818
1818181818181818
1818181818181818
1818181818181818
18181a1a1818161a
18181a1a1818161a
181a1a1a18181818
1616161818181818
1818181818181818
181a181618161816
1818181618181814
16181a1818181816
1818181818181618
181a18181818181a
1818161818181818
1616161818181818
1616161618161818
1616161616161818
1818181818181818
1818181616181816
1a18161616181818
1816161614181818
1818181818181818
1818161616161618
1616161818161618
1618181818181818
1618181818181818
1618161818181818
181a181a181a1a18
1818181a1a1a1a1a
181a181a1a1a1818
18181a1a18181818
1212121212161212
1212121212121212
1412121212121212
1614161616161416
181a1818181a1a1a
181a181818181a18
18181818181a1a18
1a181a1a181a181a
1816181818181a18
1818181818161818
1a18181618181818
1a18181818181818
1a18161818181a18
181a16181a181818
1818141616181818
1818161818181818
18181a1816181818
1818181816161818
1618181616161a1a
1618181616161818
1618181816161818
161a181818181818
1818181818181818
1618181818181818
1618181416161612
1616181616161612
1616181818181816
1616181616161818
1616181818181818
161818181a1a1818
1616181818181a18
1616181a1a1a181a
1414141214181818
1614141416181818
1414121616181818
1614121618181816
18161618181a1818
1a18181818181616
1a181a1818181816
1618181a18181616
161818181a181816
161616181a161818
161616181a161416
161816181a121214
1618181a18141216
1618181818161416
1818181818181818
1818161818181818
1818181a18181616
1818181818181818
1818181818181818
1616161818181816
181a181818161816
181818181a181616
181a18181a1a1816
181818181a1a1816
1818161612141616
1818181818181614
1818181818181816
1818181618181818
181818181818181a
1a181a181818181a
181818181a181818
1618161616181816
1616161618181818
1616161818181818
1616161818181818
1618181818181818
1a18181818181818
1a181a1818181818
1818181818181816
1818161818181616
1616161618181816
1818161818181818
1818181818181818
1616161616161616
1616161616161616
1818181818181818
1818181818181818
1818181818181818
181818181a181816
1818181818181818
1818181818181818
1616181616181818
1616181616181818
1818181818181818
1818161618181818
1818181818181818
1818181818181816
1818181818181614
1a18181818181614
1818181618181816
18181818181a1818
181818181a1a1a1a
181818181a1a1818
181818181a1a1818
1010101616181818
101010181618161a
1010101816181818
1010101618181818
101010181616181a
1010101818161818
1010101818161818
1010101816181818
18181818181a1818
1818181818181818
1818181818181618
1616161618181616
1616161618181816
1818181818181818
1818181818181818
1818181818181818
1010101618181618
1010101616161618
1010101818181818
1010101616181618
1010101618181818
1010101818181818
1010101818181818
1010101818181818
1818181818101010
16181a1818101010
1618181818101010
1618181818101010
1618181818101010
1818181818101010
1a1a181818101010
1818181818101010
1816161618181616
1818181818181618
1818181818181818
1818181818181818
1816161616181818
181618181818181a
1816161618181818
1816161618181818
1818161818101010
1616161616101010
1616161616101010
1616161616101010
1616161616101010
1616161616101010
1816181616101010
1616181816101010
1816161616161818
1816161616161616
1816161616161614
1816161616161616
1818161818161616
1818181816181616
1618181616161616
1616161618181818
1818161216181618
1818141216181818
1818121416181818
1818161616181618
1818181818181818
1616161616161618
1616161616161618
1616161616161618
1616161818181818
1616161818181818
161616181618181a
1618181818181818
141818181818181a
16181618181a1818
1618161818181818
1618181818181616
1616161616181618
1616161616161618
1816161616161618
1618181818161618
1818161618161618
1616161616161818
1818181816161616
1818161818181818
1818161616161616
1818181816161616
1818161618161816
1816181818181616
1818181616161618
1616161616161616
1818181818181818
1616161616161618
1814161212121416
1816141212161616
1816121212141614
1816121212141616
1816121212141214
1816141614141212
1816141216121414
1818141214121612
1a18161616181616
1a18181818181818
1a18181616181616
1816161616181616
1a16161616181616
1816161616181616
1818181818181616
1816181618181818
1816141614121212
1818121612141214
1818161212121414
1618161212121616
1818181214141818
1816181616161616
1818181816181818
1616161616181616
1818181816181818
1818181818181818
1616161616181818
1616161816161616
1818181818181818
1818161818181818
1818161616181818
1616161616161616
1616181818181818
1616161618181618
1616161618181818
161616161a181818
181818181818181a
1818181616181818
1618181818161818
1818181818181816
1618181818181818
16161616181a1816
1818161618181818
1616181818181818
1816181818181818
1818181818181818
1816161618181818
1616161616161816
1616181818181818
1616161616161818
1616181616161616
1616161616161816
1818181818161616
1816181818161818
1818181818181818
1616161616161616
1618161616161816
1616161616161616
1616161616161616
1616161616161616
1818181818181818
1616161616161616
1618181818181818
1816161818181616
1414141616181616
1214121616181616
1212141216181818
1212141216181816
1414141618181818
1816161618181818
1818161616161618
1618181616161618
1214181818181818
1216181818181818
1416161818181818
1616181816161618
1818181616161618
1618181818181818
1816161618181618
1818181616181816
1616181616181616
1616161616161616
1818161616161616
1818181816181816
1818181818181818
1616161616161816
1616161618181818
1818161616161818
1818181818161616
1818181818181816
1818181818181818
1818161616181818
1818181816161616
1616161818181616
1818181616181818
1616161816161618
1816161618181614
1818161816161812
1818181818161812
1818181818181814
1818161616181818
1818181818181818
1818181818161818
1816161616181818
1618181616181816
1816161616161616
1818181816161616
1818181818181818
1818181618181818
1818181818181818
1616181618181818
1816181818161818
181a181816161818
1616181a18181616
1618161618181818
1816181616181818
1616161818161618
1616161816161818
1618161618181818
1616181818181616
1616161616181816
1616161616161818
1616161616161818
1816181616161818
1816161614161616
1818161616161618
1818181816161618
1618181818181618
1818181818181818
1818181818181818
1618181818181816
1816161816181818
1618181818181816
1818181816181818
1818181818181616
1818181616181816
1818181818181818
1818181818181818
1816181818181818
1818181818181818
1818181818181816
1818181618181818
18181a1816181818
1818181a18161818
1818181816161816
1818181818181816
1618181818181816
1816181616181818
1a18161618161818
1818181816181618
1616181816161818
1616161818161618
181818181a181618
1616181818181816
1816181618161818
1816181818181618
1816181818181616
1818181618181618
1818181618181616
1816161416181616
1818181818181818
1818181818181818
1618181816181818
1618161618181618
1818181818181616
1818161618181818
1818181818181818
1818181818181818
1818181a18181818
1818181a18181818
1818181818181616
1818181a18181816
1618181818181616
1818181818181816
1818181818181818
18181a1818181818
1818181a18181818
1616161618181816
1616161618181816
1616161618161818
1616161616161818
1616161616161818
1616141616161818
1616141616161818
1818181818181818
1818181818181618
1818181818181816
1818181818181616
1618181818161616
1818181818181616
1618181818181616
1818181818161616
1818181818181816
1818181818181818
1818181816181818
1618181816181816
1618181816181818
1818181816181818
1818181818181818
181a181818181a18
1618181818181818
181818181a181a18
1818181a181a1818
181818181a181816
1a181a1818181818
181a181818181818
1a18181818181818
1818181818181818
1a1a1a1a1a1a1818
1818181816161618
1818181816161616
1818181816161618
1818181816161618
1818181816161618
1818181816161618
1818181816161616
181818181818181a
1816181818181818
1616181818181818
1616181818181618
1816181818181618
1616181818181618
1616181818181818
1618181818181618
1818181818181818
1818181818161616
1818181618161618
1818161818181818
1816161818181818
1818181818181818
1818181618181a18
181816181818181a
1818161816161618
1616161818181818
1818181818181818
1818181818181818
1818181818161618
1818181816181818
1816161618161818
1616181618161818
1618181818181818
1618181818181818
1818181818181818
1818181818181816
1818161818181616
1818161818161616
1818181816161616
1818181818161616
1616161616161816
1616161616161816
1616161618181818
1616161818181818
1616161618181818
1616181818181818
1618181818181818
1818181816181818
1818181818181818
1816181818181616
1818181816161816
1616161616161818
1818181616181818
1818181816181818
1818181818181818
1818161618181816
1818181816161818
1818181816161818
1818181816181818
1616161618181816
1818181818181818
1616161818181816
1616161616161818
1616161818181818
1616181818161618
1818181616181816
1616161616161616
1616161616161616
1618161818161818
1616161616161616
1616161416161616
1818181818161616
1818181818181818
1818181818181818
1818181818181818
1616161818181616
1618181816161818
1816161616161616
1616181616161816
1616161616161616
1616161618181818
1818181818181818
1818181818181618
1818181818181616
1818181818181818
1616181818181616
1616161616161616
1616161816161616
1818161616161616
1818161616161616
1818161818181818
1a1a181818181818
1616181618181818
1818181818161618
1616161616161616
1616161616161616
1616161616161816
1616161616161616
1616161818181818
1818181818181818
1616181616161616
1818181616161618
1818161616181818
1818181818161818
1616161616161616
1816161616161616
1816161616161616
1818181818181818
1616161618161618
1818181818181818
1618181818161818
1618181818161818
1818161818161618
1618161818161618
1618181818161618
1818181a1818181a
1818181818181818
1818181818181818
1818181818181818
1818181818181618
1616181818181818
16181a1618181818
1618181618181a18
1818181818181818
1818161818181816
1818161818181818
1818181818181818
1818181616181818
1616161616161618
1616161616161818
1616161616161616
1618161818181818
1618181818161616
1818181818181818
1616161616161618
1616161616161616
1818181818181818
1818161616161616
1616161616161616
1818181618181818
1618181816181618
1616161616161818
1616161616161616
1616161616161616
1616181818181818
1816181818181818
1618161818181818
1616161818181818
1816181818181818
1616181618181818
1616161818161618
1616161618181818
1818181818181616
1818181818181818
18181816181a1816
1a181816181a1816
1818181618181616
1818181818181816
1616161616181816
1616161616161816
1616161818181818
1616141618181818
1816181818181616
1616161818161816
1818181616161818
1818181818181818
1618161416161616
1818181616161818
1616161618181818
1818181616181818
1816181818181816
1816161616161818
1816161616181616
1818181818181816
1616161616161616
1616161616161618
1616181818181818
181818181818181a
1818181816181818
1616181818181818
1818181818161618
1616161616161618
1616161616161616
1616161616161616
1616161616161818
1818181818181818
1818181818181818
1816161618161618
1616161616181818
1818181616181818
1616161616161818
1616161616161818
1616161616161616
1616161616161618
1616181818181818
1818161818181818
1818181816161816
1616161818181818
1818181818181818
1616161618161616
1616161616161818
1616161616161818
1616161616161818
1616161618181818
1818181616161818
1818181818181816
1818181818181818
1818181818181816
1816161616161616
1818181818181818
1818181818181818
1818181818181818
1818181616161618
1816161616181818
1818181618161616
1816161616161616
1010101818181818
1010101818181816
1010101616161818
1010101616181816
1010101616181818
1010101616181818
1010101616181618
1010101618181618
1816161616161616
1816161616161616
1816161616161616
1816161616161616
1816161616161616
1816161818181818
1818181616161818
1818181618181818
1010101616161618
1010101618161816
1010101818181818
1010101816181616
1010101616161616
1010101616161618
1010101816161616
1010101616161616
1818161616101010
1816161618101010
1616161618101010
1816181618101010
1818181818101010
1818161818101010
1616161616101010
1818161616101010
1618181818161818
1816161618181818
1616161616181816
1816161616181818
1818181816181818
1618161818181818
1616181818161616
1818161616181818
1818181818101010
1616161618101010
1616141616101010
1616161616101010
1616161616101010
1216161616101010
1616161616101010
1616161616101010
1616161616181818
1616161614161616
1616161614161616
1616161616161616
1416161414141616
1616161416161616
1616161616161616
1616161616161616
1616181818181818
1616161618161616
1616161616161616
1616161616161616
1616161616181818
1818181818181616
1818181616161616
1816181616161818
1616161616161616
1816161616141616
1616161616161616
1616161616161616
1818181616181616
1816181818181818
1416161616161818
1616161616181818
1818181818181816
1616161616161416
1416161616161616
1616161616141416
1616161216161414
1616161416161616
1616161616161416
1618181616161616
1818181816181818
1616161616161616
1816161616161616
1818181616161616
1818181616141416
1616161416161416
1616161616161616
1818181618181616
1616161818181616
1616161618181618
1616161616161616
1816161614161616
1618181818181816
1616161616161818
1616161614161614
1816181816181618
1412161616161616
1416141616161616
1616161616161616
1616181616161616
1616181818161818
1616161616161618
1616161616161616
1618161818181618
1818181618181816
1616161616181816
1818161616181818
1818181616181818
1618161616161616
1616161616161818
1816161618181818
1616181818181818
1816161818181818
1616161618181818
1818181616161618
1616181818161618
1616161618181818
1616161616161616
1616161816161616
1818161616161616
1616161616161614
1816161616161616
1616181818181816
1818161616181818
1618181816161818
1616161618161618
1816161616141616
1618181816161616
1818181818181816
1818181818181818
1616181618181818
1818161614161618
1616181818161616
1616161616181816
1816161616161618
1618181616161616
1416161618181616
1616181618181818
1816161616161618
1618181616161616
1616161618161616
1618161618181616
1818161818161618
1818161818181816
1616161616161616
1618161616181816
1616161816161618
1616161616161816
1616161616181616
1818181618161618
1818181816161816
1616181818181818
1616181818181616
1816161616181818
1818181816181818
1616161616161616
1616161616161616
1616161616161816
1616161618161618
1616161618161616
1616161618181616
1616181616181818
1616161616181618
1616161618181818
1616181616161618
1816161616161616
1618181816181616
1616161616141818
1816181618161616
1618181816181818
1818181818161616
1816161618181616
1616181618161818
1616161616181818
1816161616161818
1818161616161616
1616161616161616
1818161616161616
1816181616161616
1818161818181618
1818181818181616
1616181816181816
1816161818161618
1818181618181816
1616181818181818
1616161618161616
1816181816161618
1818181818181816
1818181818181616
1818181818161616
1818181818181818
1616161818161816
1816181818181816
1418161618181818
1416181816181818
1616161818161618
1a18161616161618
1818161612181816
181a181614161618
1618181816141616
1618161618181618
1616181816161816
1412161816161618
1612141616181418
1618141416161616
1818181212121618
1618181612121618
1616181616141216
1818181818181416
1818181618181814
18181816161a1816
1818181416181a18
1818181616181818
1818161616181818
1818161618181818
1818181818181818
1414161818161616
18181818181a1814
1818181818181816
1616181818161818
1816161618181818
1818161818181818
1816161618181818
1816121616181818
1616181616181818
1818181618181818
1818181818181818
1816181818161816
1816181618181818
1816181618161818
1818161818161618
1818181618181618
1816141416161818
1616161616181818
1616161418181818
1616161618181816
1616161618161818
1616161616181818
1816161618181818
1616161618161818
1616161618161618
1616181816161616
1618161616161616
1818181616181616
1616161616161616
1616181616161616
1618181618181616
1616181618181816
1616161616161818
1616161618161818
1616161618161818
1616161618161818
1616161416161818
1616161616141818
1616161618161818
1616161618161818
1616181816161616
1616181818161616
1618181818161616
1616181816161616
1618181818161616
1618181818161616
1618181818181616
1618181818161616
1616161616161818
1616161616161816
1616161618161818
1616161616161618
1416161816161616
1614161618161616
1416161818161818
1416161818161818
1618181818161616
1618181818181616
1618181818161616
1618181816161616
1618161816161616
1618181818161614
1618161816161614
1618181616141616
1818181816161616
1818181816161616
1818181816161616
1818181816161616
1818181818181616
1818181816161816
1818181816161616
1818161816161616
1818181818181618
1818181818181618
1818181818181618
1618181818181818
1816181818181618
1818181818181618
1616181818181618
1616181818181618
1818181816161616
1616181816161616
1616181818161616
1816181818161616
1818181818161616
1816181818181616
1816181818181616
1818181816161816
1616181818181618
1816181818181618
1616181818181618
1616181818181818
1616181818181618
1616181818181618
1618181818181818
1618181818181818
1818181818161616
1818181818181818
1818181818181818
1818181616181616
1818181816161818
1618181816161818
1818181816181816
1818181816161816
1818181818181618
1818181818161818
1818181816181818
1818181618181818
1818161618181618
1616181816161616
1618181616161818
1618181616161618
1818181816161616
1818181818161616
1818181816161616
1818181816161616
1818181816161616
1818181816161616
1818181816161616
1816181818161614
1818161616161618
1616161616161618
1616141616161618
1816161618161618
1816161616161618
1814161616161618
1816161616161618
1816161616161618
1818161616181818
1816161616181818
1618181818181a18
18181818181a1818
1818181818181818
1818181818181818
1818181818181816
1818181818161616
1818181616181618
1816181818161618
1616161616181618
1618181818181818
1618161616161616
1618161616161818
1616181618181818
1616161618181818
1818181818161618
18181a1816161818
1a18181616181818
1816161618181816
1616181818181816
1616181818181416
1618181818141616
1818181818161414
1618181818181818
1818181818181818
1818181a1a181818
1818181818181818
1818181818181818
18181818181a1816
1818181818181616
1818181818161618
1818161616161616
1618161616181616
1616161816161616
1818161616181616
1616161616161616
1618161616161816
1616161618181616
1818181818181616
1818181818181818
1818161818181818
1616161818181816
1618181816161616
1818161616161618
1816161616181816
1616161616161616
1818161616181616
1818161616161616
1818181818181818
1818161618181818
1618181618181818
1616161816181818
1818161818181818
1818181818181818
1818181818181818
1816161616161618
1616181818181818
1816181816181618
1818161818181616
1616161616161616
1618161616161616
1616161616161818
1818161618181818
1616161616161818
1818181616161818
1616161618181816
1818181818161616
1616161618161618
1616181818181818
1618181818161616
1818181618161616
1616161616161616
1616161616161616
1818161818181818
1818181818181818
1616161616161616
1816181818181616
1818181818161616
1818181616161816
1616161616161816
1618181818181616
1616161618161818
1816181818181818
1616161616161618
1616161616161616
1616161616181818
1816181818181818
1618181818181818
1818161618181618
1818181818161616
1816181818181818
1618181618161616
1616161616161616
1818181818181816
1618181818181618
1818181816161616
1616161616161616
1818181818181818
1818181818181818
1616161816161616
1816161818181818
1618181818181818
1818181816181618
1616181618181818
1616161816161616
1616161616161616
1818181818181818
1818181818181618
1818181818181818
1818181818161816
1818161618181818
1818181818181818
1818181816181818
1818161618161618
1818181816161618
1818161618181818
1818181816161616
1818181616181618
1818161816161616
1616161616181818
1616161818181818
1816161618181818
1616161818181816
1618181818181818
1816161818181816
1818181816181618
1818161616181818
1616161616161616
1616161616161616
1818181816161616
1616181818181818
1616161618181818
1818181818181616
1816181818181818
1616161618181816
1618181818161616
1818181816161616
1818181818181818
1818181818181616
1816181818181818
1818181818181818
1818181616161616
1616161618161616
1616161616161616
1616161616161616
1618161616161618
1616161616161618
1616161816161616
1818181818181818
1818181616181818
1616161618181816
1616161616161616
1618161616161616
1616161616161616
1616181616161616
1616161616161618
1616161616161616
1616161616181818
1616161818181816
1818181818161616
1818181818181818
1818181818181818
1818181816181818
1816161616161618
1818161818181818
1818181818181818
1816161616161616
1010101616161818
1010101616161616
1010101616161616
1010101618161618
1010101816181818
1010101616181818
1010101816161618
1010101616161618
1616161616161816
1616161616161816
1816161816161616
1818181616161616
1616161616161616
1616161616161616
1616161616161616
1616161616161816
1010101816181616
1010101818161616
1010101616161618
1010101818181818
1010101818181818
1010101616161616
1010101616161616
1010101616161616
1416161616101010
1616161616101010
1616161416101010
1616161616101010
1818161614101010
1618181816101010
0000000000000000
0000000000000000
1616161616161616
1616161616161616
1818181816161616
1616161818181616
1616161616181818
1818181816161618
0000000000000000
0000000000000000
0000000000000000
0000000000000000
0000000000000000
0000000000000000
0000000000000000
0000000000000000
0000000000000000
0000000000000000
0000000000000000
0000000000000000
0000000000000000
0000000000000000
0000000000000000
0000000000000000
0000000000000000
0000000000000000
1818181816161616
1818181818181818
1618181816161616
1816161818181616
1616161616161818
1818181816161616
0000000000000000
0000000000000000
1818181816181618
1816161616181818
1618181616161616
1616161818161616
1616161616181816
1818161816161618
0000000000000000
0000000000000000
0000000000000000
0000000000000000
0000000000000000
0000000000000000
0000000000000000
0000000000000000
0000000000000000
0000000000000000
0000000000000000
0000000000000000
0000000000000000
0000000000000000
0000000000000000
0000000000000000
0000000000000000
0000000000000000
1616181616181818
1616161616161818
1616161616181616
1616161816161616
1616161616161618
1818181818181818
0000000000000000
0000000000000000
1616181816161616
1816161818181816
1616181616181616
1616181616161616
1818161616161616
1818181818181818
0000000000000000
0000000000000000
0000000000000000
0000000000000000
0000000000000000
0000000000000000
0000000000000000
0000000000000000
0000000000000000
0000000000000000
0000000000000000
0000000000000000
0000000000000000
0000000000000000
0000000000000000
0000000000000000
0000000000000000
0000000000000000
1616161816181816
1818181816181618
1818181616161616
1818181816181818
1818181616181818
1816181818181818
0000000000000000
0000000000000000
1616161818181818
1816181616161818
1818181818181818
1618181818161818
1818181618181618
1818181818181818
0000000000000000
0000000000000000
0000000000000000
0000000000000000
0000000000000000
0000000000000000
0000000000000000
0000000000000000
0000000000000000
0000000000000000
0000000000000000
0000000000000000
0000000000000000
0000000000000000
0000000000000000
0000000000000000
0000000000000000
0000000000000000
1618181816161616
1816181818181818
1818181818181818
1818181818181816
1618181818181818
1818181816161616
0000000000000000
0000000000000000
1618161618181816
1416161616161618
1212161618161616
1614121416181816
1616141214181818
1616161212161818
0000000000000000
0000000000000000
0000000000000000
0000000000000000
0000000000000000
0000000000000000
0000000000000000
0000000000000000
0000000000000000
0000000000000000
0000000000000000
0000000000000000
0000000000000000
0000000000000000
0000000000000000
0000000000000000
0000000000000000
0000000000000000
1614181818161216
1616161818161416
1616181818181616
1816181818181816
1614161818181816
1612161818181818
0000000000000000
0000000000000000
1618181818181818
1818181818181818
1818161818181818
1618181818181818
1818181818181818
1818181618181818
0000000000000000
0000000000000000
0000000000000000
0000000000000000
0000000000000000
0000000000000000
0000000000000000
0000000000000000
0000000000000000
0000000000000000
0000000000000000
0000000000000000
0000000000000000
0000000000000000
0000000000000000
0000000000000000
0000000000000000
0000000000000000
1616181818181818
1818181618181818
1818161818181818
1616161616161818
1616161618181818
1616161818181818
0000000000000000
0000000000000000
1816181618161818
1816161616181818
1616161616181818
1616161616161616
1616161616181818
1418181616181616
0000000000000000
0000000000000000
0000000000000000
0000000000000000
0000000000000000
0000000000000000
0000000000000000
0000000000000000
0000000000000000
0000000000000000
0000000000000000
0000000000000000
0000000000000000
0000000000000000
0000000000000000
0000000000000000
0000000000000000
0000000000000000
1818181818161618
1618181816161816
1818181818161616
1818181818161818
1818181816161816
1818181818161816
0000000000000000
0000000000000000
1618181616161616
1818161616161818
1818181616181818
1818181816181818
1818181818181818
1818181818181818
0000000000000000
0000000000000000
0000000000000000
0000000000000000
0000000000000000
0000000000000000
0000000000000000
0000000000000000
0000000000000000
0000000000000000
0000000000000000
0000000000000000
0000000000000000
0000000000000000
0000000000000000
0000000000000000
0000000000000000
0000000000000000
1818181818181618
1818181818181818
1818181818181818
1818181818181818
1816181818181818
1618161618181818
0000000000000000
0000000000000000
1818181818181818
1818181818181818
1818161816181618
1816161818181618
1618161618181618
1818181818181818
0000000000000000
0000000000000000
0000000000000000
0000000000000000
0000000000000000
0000000000000000
0000000000000000
0000000000000000
0000000000000000
0000000000000000
0000000000000000
0000000000000000
0000000000000000
0000000000000000
0000000000000000
0000000000000000
0000000000000000
0000000000000000
1816181816181618
1818181618181818
1818181618181616
1816161816161618
1818161616161616
1818161616181618
0000000000000000
0000000000000000
1816161616161618
1616141616161616
1816161614161618
1816161616161618
1816161616161618
1818161616161618
0000000000000000
0000000000000000
0000000000000000
0000000000000000
0000000000000000
0000000000000000
0000000000000000
0000000000000000
0000000000000000
0000000000000000
0000000000000000
0000000000000000
0000000000000000
0000000000000000
0000000000000000
0000000000000000
0000000000000000
0000000000000000
1818181818161216
1818181818181416
1818181818181618
1818181818161416
1618181818141416
1618181818181616
0000000000000000
0000000000000000
1818181616161818
1a18161616181818
1816161818181818
1616161618181818
1616161818181816
1618181818181616
0000000000000000
0000000000000000
0000000000000000
0000000000000000
0000000000000000
0000000000000000
0000000000000000
0000000000000000
0000000000000000
0000000000000000
0000000000000000
0000000000000000
0000000000000000
0000000000000000
0000000000000000
0000000000000000
0000000000000000
0000000000000000
1818181818181818
1818181818181818
181a181818181818
1818181818181818
1818181818181616
1818181818181616
0000000000000000
0000000000000000
1816161616181818
1818181818161818
1818181818181818
1616181818181818
1618181818181818
1818181818181818
0000000000000000
0000000000000000
0000000000000000
0000000000000000
0000000000000000
0000000000000000
0000000000000000
0000000000000000
0000000000000000
0000000000000000
0000000000000000
0000000000000000
0000000000000000
0000000000000000
0000000000000000
0000000000000000
0000000000000000
0000000000000000
1818181618181816
1818181818181816
1818181818161618
1816161616181818
1616161618161616
1616161618161618
0000000000000000
0000000000000000
1618181818181618
1818181818181816
1616161616181818
1818181816161818
1818181818181816
1818181818181616
0000000000000000
0000000000000000
0000000000000000
0000000000000000
0000000000000000
0000000000000000
0000000000000000
0000000000000000
0000000000000000
0000000000000000
0000000000000000
0000000000000000
0000000000000000
0000000000000000
0000000000000000
0000000000000000
0000000000000000
0000000000000000
1816161616181616
1816161618181818
1616181818181816
1618181818161818
1818161616181816
1616181818161818
0000000000000000
0000000000000000
1816161818181816
1618181816161616
1818181616161616
1616181616161616
1616161616161818
1616161816181816
0000000000000000
0000000000000000
0000000000000000
0000000000000000
0000000000000000
0000000000000000
0000000000000000
0000000000000000
0000000000000000
0000000000000000
0000000000000000
0000000000000000
0000000000000000
0000000000000000
0000000000000000
0000000000000000
0000000000000000
0000000000000000
1618181818161616
1818161818161816
1816181616161618
1616161616181816
1616181818161616
1818181616161616
0000000000000000
0000000000000000
1818181818161816
1816161616161818
1616161818181818
1618181818161616
1818181818181616
1818161616161616
0000000000000000
0000000000000000
0000000000000000
0000000000000000
0000000000000000
0000000000000000
0000000000000000
0000000000000000
0000000000000000
0000000000000000
0000000000000000
0000000000000000
0000000000000000
0000000000000000
0000000000000000
0000000000000000
0000000000000000
0000000000000000
1816161616161618
1616161616181818
1616161818181616
1818181618161618
1818161816161618
1616161616161818
0000000000000000
0000000000000000
1010101616161616
1010101616161616
1010101616161616
1010101616161616
1010101616161818
1010101618181818
0000000000000000
0000000000000000
0000000000000000
0000000000000000
0000000000000000
0000000000000000
0000000000000000
0000000000000000
0000000000000000
0000000000000000
0000000000000000
0000000000000000
0000000000000000
0000000000000000
0000000000000000
0000000000000000
0000000000000000
0000000000000000
