@0000000080000000
1210101212101010
1010101210101010
1010121214101010
1010121212101010
1a18141816101010
18161a1214101010
1818141216101010
1818141a14101010
1210121010101010
1210101010101010
1412101210121210
1210121210101010
1616181816141418
1818161612161416
1818181612161618
181818181216181a
1a16181614101010
181a181414101010
1a18161612101010
1816141614101010
1614141014101010
1412121214101010
1816161414101010
1a18161212101010
141c1a1816161a1a
1a181c1c161c1c1c
1a1c1c1c181c1c1a
181a1c1c1c1c1c1a
1618181a1c1a1818
141418181a1a1816
18181a1c1c1c1a1a
181c1c1c1a1c1c1c
1212101212121210
1212101212121412
1212121212121212
1212121214121012
1818181418161a18
1618161a12121814
181818141218101a
1a1818141a141812
1212121010101212
1212121012101012
1210101014121212
1212101212141212
1816161818161414
1418181616121614
1a18181816121616
1218181818121618
1a1a1618161a161a
1c181a1814121818
1a1a181616161816
1c18161414181416
1816141410121214
1614121212141212
1a18161614161616
1c1a181612121418
1a141c1a1816161a
181a181c1c161c1c
161a1c1c1c181c1c
16181a1c1c1c1c1c
141618181a1c1a18
12141418181a1a18
1618181a1c1c1c1a
18181a1c1c1a1c1c
1212121212121212
1212101212141212
1212121212121012
1212101012101012
1212101012121618
1010101210141218
1010101210121810
1210121412121618
1212101212121012
1214101012121212
1212121212141212
1012141012121012
1214121212141212
1212121212121210
1212121212121210
1212121212121210
1212121212121a16
1212121214121418
1412121212101618
1212121412121814
1212141212121212
1212121012101412
1214121212101616
1212121212101214
1212141010101012
1012121010101012
1010101012121012
1210121012121012
1212121214121210
1212121212121214
1212121212121412
1212141212121212
1010141414121212
1212121214141212
1012141412121212
1212121212121212
1212121212121212
1212121212121212
1212121212101214
1212121214121212
1212121212121010
1212141012121010
1412141212121212
1412101212121214
1010121012141414
1010121212121212
1212141212121212
1412121212121212
1214141212141214
1212141212141412
1212141212121210
1214121210121210
1214101210121012
1212101212121012
1010121212121212
1212121214121212
1212121212121212
1214121010121412
1212121212121412
1212121212121212
1012121214121212
1212121212101212
1414121210101210
1412121212101012
1412101210121010
1212101012121212
1212101212121214
1212101212121214
1212121410141212
1212121212121010
1412121412121012
1414141414101012
1212121212121412
1012121212121212
1212141414141414
1212121212101212
1412121214121212
1212121212121012
1212121214121214
1214121214121212
1212101012121012
1212101212141212
1212101412121412
1414121214141210
1214121212121210
1414121012121010
1210101214141212
1010121212121212
1214121214141212
1412121412141214
1212121212121214
1212121414121212
1212121414141212
1214121412121214
1212141214121412
1412121412141210
1412121212121012
1212121212121014
1212121212101014
1212121212121214
1212121212141212
1210101212121212
1012121212121212
1212121212121212
1212121212101214
1414141212101212
1212121212101212
1212101012121212
1212101012121212
1212121214121212
1214121412121212
1212141212141012
1212121212121212
1214121414121414
1212121212141212
1212121212121214
1212121414141214
1414121412121212
1414141412121212
1212121414121214
1212121212121212
1412121212121214
1212101212121412
1212121414121212
1212121414121212
1212121212141412
1414141214141414
1214141212121212
1012121012121412
1014121012141214
1412141414141412
1210121414121212
1012121214121412
1012101214121210
1214121212121010
1212121212121012
1012121412121214
1214121412141214
1212121412141214
1212121212121414
1412121412101214
1212121212101212
1412121212141212
1212121012121210
1212141012121012
1214141212141212
1212121212141212
1210121212141214
1210141214121212
1212141212121212
1212121414121212
1412121412121212
1212121212121210
1210121012141010
1212101212121210
1212121012121212
1412121210121212
1212121212121212
1214141214121214
1212121212121212
1214141212101412
1210121010101212
1212121212121212
1212121414141414
1412121214141212
1414141412141212
1414141214121212
1414141414141212
1214141212141212
1212121210121214
1212101010141214
1214121012121414
1212121212121412
1212141212121412
1214141414141412
1412121416141414
1212121212141212
1214121212121214
1214121210121212
1210101010121210
1212101212121212
1412121210121212
1214121212121212
1012121212121212
1414121818161412
1214121418121414
1212121618121212
1412121616141214
1214121616121214
1212121616161212
1214121816161212
1212121616141212
1212121412121212
1212121212101412
1212121212121212
1212121412121210
1412121414121212
1414141414141212
1412121414141412
1412121414141412
1412101212121210
1412121212121212
1212121212121212
1010121212121212
1212121212121212
1212121212141412
1012121412141414
1212141412141414
1412141214121214
1414121214121212
1212121412121212
1412121210121214
1012141212141210
1010121210121210
1012121410121412
1212121212121212
1414121214121214
1212101212121414
1212121212121212
1212141212121212
1212121012121210
1212101010101210
1212101010121212
1212121212121212
1212121212101212
1214141414121412
1214121414121214
1214141212121212
1212121212121214
1214141412141210
1414141214121210
1414141214121412
1212121212101414
1412121412121212
1412141412121412
1214141212121412
1214121414121412
1412121414121214
1212141214121214
1212121212121414
1212141210121414
1014121010121214
1412121212121214
1210101212121212
1212101012121212
1212121012101212
1212121010121414
1212121210121212
1012101212121414
1214121412101214
1010121210101214
1212141212121212
1210121210101212
1012121210121212
1212121212141214
1212101212121210
1012121212121214
1012121412121212
1212141412141212
1214141214121212
1212141212121414
1012121212121414
1210121212121412
1212121212121212
1212141412121012
1212121012121212
1212141014121212
1214141212121214
1414141412141412
1412141412121212
1414121414141412
1412121212121212
1212121412121010
1212141212121214
1412141212121212
1210101212101012
1212121012101212
1212121212121212
1414121212121412
1212121012121212
1012121210121012
1214121212121212
1212121210121212
1212121210121012
1212141210101012
1012101012101212
1212121412121212
1212101210121412
1214121412101212
1212141214101212
1212141212121212
1210121414121212
1412141412121412
1214121210101210
1214141410121012
1214121214121014
1412121414121212
1212121212121212
1010121212141212
1212121412141212
1410121412141412
1012141012121212
1212121212121212
1414121214121214
1212121414141212
1212141412121412
1212121210141212
1212121412121212
1212121214121212
1212101012101210
1212121010121010
1410101010101212
1214141414121212
1412141214121212
1212121212121214
1212121212101212
1012101012101212
1012101010101212
1010101012121212
1212121012121414
1414121012121212
1412121210101212
1412121210121212
1212121012121010
1212121012121012
1212121012121212
1414101212121214
1414121412121012
1212121212141414
1212141212121212
1212121212141212
1212121212121210
1212121410101212
1214121210121212
1212121212141414
1212121212141212
1212121412121012
1212121212121212
1212121214121214
1010121212141212
1212121212141212
1212121012121010
1010121010101010
1210121212121012
1212121212141212
1212141412141012
1212121412121212
1214121212121212
1212121212121214
1212101212121212
1212121212121212
1212121412121212
1412121012121212
1212101012121214
1012141212121212
1010121212101210
1010121214121210
1012121212101412
1212141212121212
1214121212121212
1212101214121414
1212121210121412
1212121212141212
1212141212121212
1818181810141210
1616161612141210
1616161412121212
1414141412121212
1212121212121412
1412121414121412
1212121214121012
1210101212121212
1010101010101012
1010121212121212
1012121212121212
1212121212121212
1616161612121012
1818181812121212
1a1a1a1812121012
1a1a1a1812121212
1a1a1a1812141212
1618181814121212
1a1a1a1812121210
1c1c1c1a12121212
1212121212121212
1212121212121212
1214121214121412
1212121214121212
1616161618181818
1616161616161616
1616161616161616
1414141414141414
1212121212121212
1212121212121210
1412121212101012
1214121210101012
1616161416161616
1414141214141414
1614141414141616
1414141212141414
1414141616161616
1616161618181818
1818181818181818
181818181818181a
181818181818181a
1616161616161618
1818181818181a18
1a1a1a1a1a1a1a1a
1414141414141414
1616141414141616
1816161414161618
1816161416161618
1816161414161618
1614141414141616
1816161414161818
181818161618181a
1412121212141214
1212101212121414
1210101010121414
1210121010121212
1818181816161616
1616161616161616
1616161616161616
1414141414141414
1010101212121412
1010101212141212
1010101412121414
1010101412141212
1010101618181818
1010101416161616
1010101414161616
1010101414141414
1616161614141414
1818181816161616
1818181818181818
1a18181818181818
1818181818181818
1616161616161616
1a1a181818181818
1a1a1a1a1a1a1a1a
1010101616161616
1010101618181818
101010161a1a1a18
101010161a1a1a1a
101010161a1a1a18
1010101618181618
101010161a1a1a1a
101010181c1c1c1a
1c1a161616101010
161a181814101010
1a121a1414101010
161a101a16101010
1812181014101010
1818161614101010
1616121412101010
1212121014101010
1a1a1c1c181c1c1a
141a1c1a161a1c1c
181a1a1a14161a1a
18181a181216161a
1a18161612161616
1618181814141414
1414141412121214
1212121210121212
1214101214101010
1410121214101010
1214121414101010
1414121214101010
1412121014101010
1212121214101010
1210101014101010
1212101012101010
1212121210121212
1412121212121214
1214141212141414
1412141412141412
1414141414141414
1214141414141414
1212121414141212
1212141414141212
1a1c1a1616181418
1c161a181816181a
1a1a121a14161a14
1a161a101a1a1216
1618121810121218
1418181616121a14
1416161214101614
1212121210101212
181a1a1c1c181c1c
1a141a1c1a161a1c
14181a1a1a14161a
1618181a18121616
181a181616121616
1416181818141414
1414141414121212
1212121212101212
1212141012141012
1414101212121410
1412141214121214
1214141212121214
1414121210101214
1412121212121212
1212101010121010
1212121010101010
1212121212101212
1014121212121212
1412141412121214
1414121414121414
1214141414141414
1212141414141414
1012121214141412
1012121414141412
1012121412121814
1212121212121618
121210101210161a
1212121210101a12
1210121210101212
141212121212141a
1214121412141216
1412141210121212
1412141412141412
1212121212121212
1212121210101012
1212121212121212
1214121212121412
1012121212121212
1212121212121412
1212141014121212
1214121012121610
1212121212121414
1214121212141412
1214121214121412
1414141212121212
1412121412121412
1212101412141210
1214121214121210
1412121212121212
1212121214121212
1414141212141214
1412121412141014
1414121414121212
1212141412101414
1212121212121212
1212141412121214
1212121412121214
1412121212121212
1214161212121412
1214161412121412
1216181412121212
1416161412141212
1416161614121412
1614141416141212
1212121212121014
1212121212121212
1212121212121214
1212121414141212
1214141412101212
1212121412101212
1412121212121212
1212141212121214
1414141416141414
1416161416161412
1614161614181614
1416161618161614
1616161618161414
1616181818161214
1816181616141412
1616181616141412
1012121012121416
1012141012121216
1212121010121416
1212121212141614
1210101214161816
1010101212141416
1412121414121416
1412121414141216
1412121212141212
1412121212121210
1212121012121012
1212121012121212
1212101212141214
1212121212141214
1212121212121212
1412121210121212
1212121212101212
1210101012121412
1012121214141212
1212121412101412
1212141212101012
1412121212121212
1412121212121212
1412121212121212
1212121210121212
1212121210121210
1212121214121212
1212121414121414
1212121212121210
1212121210101010
1212141212121212
1010141414121414
1212121212121012
1212121012121214
1212121212141212
1212121212121010
1212121412121212
1412121212101412
1212121212121412
1212141212121212
1414121212141414
1414121210121212
1212121210121210
1212101012101210
1212121212121212
1214121212121212
1212141412121212
1412121212101412
1214121212101214
1010101212101212
1010101212121010
1412121214121010
1212121412121212
1214121212121212
1212121212141212
1212121212121412
1412121212121412
1014121212121212
1212121212121414
1210141212121214
1412121212121412
1012121212121212
1412121210121214
1212121414121212
1212121212121412
1010121212121212
1212141212121212
1214121212121212
1212121212121212
1212121412121212
1010121212121212
1212141212121212
1414141412121210
1412101210101212
1014121012121212
1012121212101212
1212121214121412
1214121412121012
1412121212121212
1212141212121212
1214141412121414
1212121412141414
1010101212121210
1010121012101010
1012141212121212
1214121212121212
1412121412121212
1210121212121212
1212121212101212
1212121212101012
1212121012121212
1212121212121214
1012121212121212
1212121212121210
1412121412121010
1210101012101012
1210121214141212
1210101212101010
1212101210101210
1412121212121212
1414141214141212
1614121212121212
1614141212121212
1616141212121212
1212141412141214
1412141414121414
1210101214141412
1212121212121212
1414121212121210
1614141212121212
1616161412121212
1414161412121212
1212141816141412
1214141618161214
1214161816161412
1416161616161614
1616161616161616
1616161616161616
1414141414141616
1414141414141414
1414161614121212
1414141416141412
1414141414161414
1414141414141614
1414141414141416
1414141414141414
1414141414141416
1414141414141414
1414141414141414
1414141414141414
1414141414141414
1414141414141414
1414141414141414
1414141414141414
1414141414141414
1414141414141414
1212121214121412
1012121214121214
1014141212141212
1212141414141212
1212141412121214
1414141212141416
1212121212161616
1412121214161414
1212121212121212
1212121212121212
1212101010141212
1212101012121214
1012121214121212
1012121414121212
1010101212121410
1212121212121214
1212121416161414
1212141614141414
1414161414141414
1416141414141414
1614141414141414
1414141414141414
1414141414141414
1414141414141414
1412141212141210
1214121212141212
1214121212121212
1212121012121212
1212121412121214
1212121212121216
1212121212121616
1412121212141614
1012121212121210
1212121212121010
1214121012121012
1214121212121212
1414141412141414
1212141214121412
1210121212121214
1212121214141212
1212121212121212
1212121010101210
1212121010101210
1212121214121212
1214141414141212
1212121214141410
1412101012121212
1212121012121210
1214141212141414
1212121412121214
1212121012121212
1212121212141212
1212121212121212
1212101212141010
1212121212121212
1212121414141214
1212121212121212
1414121212121414
1212121212121412
1212121212121212
1212141212121212
1212121210121212
1210121210101212
1410141212121214
1012101212121210
1210101010101010
1212101012101212
1212121212121412
1414121214121414
1410121214141414
1412141212141212
1212141212121212
1212101210121210
1010101210101210
1010121212101010
1210121412101012
1412121414121212
1414121412141414
1414121412121214
1212121214121214
1212121214121212
1212121212121212
1212121412121412
1212121212141212
1212121210121212
1210121212121212
1412121212121212
1212141212121212
1212121214121214
1212121212121212
1212141412121212
1214141212121214
1412141214121214
1212121212121212
1212121212121212
1214121212121414
1410101010141212
1210101010121414
1010121010121210
1212121212121212
1012121212121414
1212121012141412
1214141414141212
1414121212141210
1214121212121212
1012121210101012
1010121010101210
1012121212121212
1212121212121212
1414121010121010
1414141212101012
1612121212121214
1414101212101012
1212121212101212
1214121212121210
1214121212121212
1212121212121212
1212121212121212
1214141210101212
1212121212121412
1614141014121412
1414121212121214
1616141412101414
1616181412121214
1618181614121212
1618161412121212
1816121212121214
1616121412121212
1212121214121212
1210121212121210
1010101012121412
1012101212121616
1212121212121616
1212121212141816
1212121414161816
1212121416161416
1212121212121212
1214121212141212
1412141210121212
1212121210101012
1212101212101012
1012101212121212
1012121212121214
1210121210141412
1414141416141414
1214121416161414
1214141616161616
1214181616161616
1212141816181618
1212121416181618
1212121416161816
1212121416161616
1212141414141214
1212121012121412
1210121010121212
1012121010101212
1212141212121212
1212121412121212
1212121212121212
1214121212121412
1212101212121214
1212121012121212
1012141212121214
1412121412121212
1212121210121212
1012101210121010
1010121212121212
1212121212121214
1c1c1c1a12121212
1c1c1c1a12121214
1c1c1c1a14121212
1c1c1c1a12121212
1c1a1a1a12121212
1a1c1a1a12141212
1a1a1a1812121212
1818181812101212
1214121214141414
1414121212121412
1414101210101212
1212121212121212
1214121212121412
1212121414121214
1212101214121212
1212141212121212
1a1a1a1a12101412
1c1c1a1a12141212
1a1a1a1a12141212
1a1c1c1a12121212
1c1c1c1a14121012
1c1c1c1a12121012
1c1c1c1a12141212
1a1a1a1a14141212
1a1a1a1c1c1c1c1c
1a1a1c1c1c1c1c1c
1a1a1a1a1a1c1a1c
1c1a1a1a1a1c1a1a
1a1c1a1c1c1c1c1a
1a1a1a1a1a1a1a1a
181818181a1a1a1a
1618181818181818
1a18181618181a1a
1a1a1816181a1a1a
1a1a1816181a1a1a
1a1a1816181a1a1a
1a1a181616181a1a
1a1a181616181a1a
1818161416161818
1616161414161616
1a1a1a1a1a1a1a1a
1a1a1a1a1c1c1c1a
1a1a1a1a1c1c1a1a
1a1a1a1a1a1a1c1a
1a1a1a1a1a1c1c1c
1a1a1c1c1c1c1c1c
1a1a1a1a1a1c1c1c
18181a1a1a1a1a1a
1a1818161618181a
1a1a181616181a1a
1a1a1816181a1a1a
1a1a1816181a1a1a
1a1a1816181a1a1a
1a1a1816181a1a1a
1a1818161618181a
1818161616181818
1c1c1c1c1a1a1a1a
1c1c1c1c1a1a1a1a
1c1c1c1a1a1a1a1a
1c1c1a1a1a1c1a1a
1a1c1c1c1c1a1a1a
1a1a1a1a1a1a1a1a
1a1a1a1a18181818
1818181818181818
101010181c1c1c1c
101010181c1c1c1c
101010161c1c1c1c
101010161c1c1a1a
101010161a1a1c1a
101010181a1a1c1a
101010161a1a1a1a
1010101618181818
1a1a1a1a1a1a1a1a
1c1c1c1a1c1c1a1a
1c1c1c1a1c1a1c1a
1a1a1a1a1a1a1a1a
1c1c1c1a1a1a1a1a
1c1c1c1c1c1c1a1a
1c1c1a1a1a1a1a1a
1a1a1a1a1a1a1a1a
101010161a1a1a1a
101010161a1a1c1a
101010161a1a1a1a
101010181c1c1c1a
101010181c1c1c1c
101010181c1c1c1c
101010181c1c1c1c
101010161a1a1a1a
1412121214101010
1412121214101010
1414141212101010
1212121414101010
1212121214101010
1212101214101010
1210121014101010
1818121814101010
1214141414141414
1414141412141414
1412141412141414
1014141212121414
1212121210121214
1212121210121212
1212121210121212
1416181816141416
1618181212101010
1816141214101010
1818121a14101010
18141a1614101010
161a181414101010
1c18161814101010
1a18141414101010
1616141212101010
1618161612161414
1818181612161618
181a18181216181a
161a1a1a16161c1c
18181c1a161c1c1c
1a1a1c1c181c1c1a
181a1c1c1c1c1c1c
1818181a1c1c1a18
1414121212121212
1414121212121212
1414141412121214
1412121214141214
1412121212121410
1212121012121012
1212101210101212
1618181216141816
1212141414141414
1214141414121414
1414121414121414
1410141412121214
1012121212101212
1212121212101212
1212121212101212
1614161818161414
1416181812121814
181816141214101a
1a1818121a181612
1c1a141a16181618
1c161a1814141818
1a1c181618181616
1c1a181414161216
1818161412121416
1416181616121614
1a18181816121616
12181a1818121618
18161a1a1a16161c
1818181c1a161c1c
161a1a1c1c181c1c
16181a1c1c1c1c1c
161818181a1c1c1a
1212141212121412
1210121012141412
1010121010121212
1010101212121612
1212121412121414
1214121410121410
1212121212121212
121212141412141a
1214121212121212
1214141212121212
1212101210121212
1414121012121010
1212141414121212
1212121212121212
1210121012101212
1212121012101212
1412121210121218
1212101010101610
1010101010121816
1214121212121816
1412141414141418
1212121412121816
1212121412101612
1214121212121214
1212121012141212
1212101212121012
1212121212101010
1212121210101012
1212141212101212
1214141214121212
1212141212141212
1212121414121214
1616161416161612
1416161616161614
1416161616181612
1616161616181412
1414161616161210
1414161416141212
1414161616141212
1416161616141212
1412141212121418
1212121212141616
1210121214161616
1212141214141816
1214121212121616
1210121210101216
1412121212141216
1212121212121416
1414161414141210
1414161614141212
1414161616141212
1414161616141412
1416161416141212
1414161616141214
1414141416141212
1416161616141212
1414141212121416
1212141210121416
1212121412121416
1412121212121414
1212141414141414
1212121214121414
1212121212121414
1212141214121414
1212121214121212
1214121214141412
1214121212141412
1414141212141412
1412121212121212
1212101212101010
1012141214121012
1214121212121210
1412121212121214
1414121212121214
1212121212121412
1414121214141412
1212121412141412
1414141412141212
1414121214121210
1210121012121412
1214121212121212
1212121412121212
1410121214121212
1214121210101212
1414141212121214
1214121212121212
1212141412141212
1212101212121212
1212121214141212
1214121212141214
1212121212121214
1212121212121012
1412121212121214
1210121212121214
1212121212141412
1212141212141412
1412121212121212
1412141414141212
1212121214121412
1214121414121212
1212121012121214
1214121214141214
1414141214121414
1414141414121212
1412121412121412
1414141212121212
1214141212121412
1412141214121212
1212141214141412
1212141212121412
1414121214121414
1414141414141414
1412121214121212
1412121412121212
1214121210121212
1412121412101214
1412121212121212
1212121212121212
1212121212121412
1212141212121214
1414141412141414
1212141414141212
1212121212121212
1412121214121212
1214121212121212
1212121212121214
1212121212121212
1414121212141412
1212121212121212
1412141214141212
1212121212121212
1414121212121212
1212101212121012
1414121214141212
1414141412141212
1412121212141412
1414161412141212
1414161412141412
1414161412141414
1414141414141012
1614141614141212
1414141614141412
1416141614141414
1416141614141414
1612101212121414
1612121412121212
1612121212121214
1614141212141212
1616141214141212
1414161414121412
1414141614121214
1414141416141212
1414161614121216
1414141414121416
1414161414121216
1614161614121416
1616161614141616
1816161614161414
1618161616141414
1618161614141414
1414141414141414
1414141414141414
1414141414141414
1414141414161414
1414141414141414
1414141414141414
1414141414141416
1414141414141416
1414141414141414
1414141414141414
1414161414141414
1414141414141414
1414141414161414
1414141414141414
1414141414141414
1414141414141414
1414141414141414
1414161414141414
1616161616161614
1616161616161616
1616161616161616
1616161616161618
1616161616161616
1616161616161616
1414141414141414
1614141416141416
1416161416161616
1616161616161616
1616161816181816
1416161616161616
1416161616161616
1616161616161616
1414141414141414
1214141414141414
1414141414141414
1414141414141414
1414141414141414
1414141414141414
1414141414141414
1414141414141414
1012121212161414
1212121214161414
1212121214161414
1412121216141414
1212121216141414
1414141416141214
1212141416141414
1412141416141414
1414121414141414
1412141414141416
1414161616161414
1414141616161616
1416161616161616
1616161616161616
1414161616161616
1614161616161616
1614141414141414
1614121414141414
1614141414141414
1614121416161416
1616141416181414
1414161416161416
1414141616161614
1414141416161414
1212121212121210
1212121212121010
1210101212101212
1212101214101412
1214141412141412
1214141212121214
1212141012121412
1214141214121214
1214121214141212
1214121412121012
1210121212121212
1010101212121210
1212121212101012
1212121212141214
1212141412141414
1412121414121214
1214121412121216
1212121412141416
1210121212121216
1412141412141416
1212141414141616
1414121414161614
1212121416141414
1410141614141414
1412121414121412
1212141212121412
1212121212121412
1412141212141214
1412141212141214
1012141414141214
1214121412141212
1212121214121214
1212141414121212
1212121212121212
1212101210121012
1010121212101212
1212121212121414
1212141214141412
1212141414121214
1412141212141212
1212121212121412
1212141212121212
1410121212121210
1012121012101010
1012141214121212
1212141414121212
1412141212121214
1214121214141212
1212121212101210
1014141210101212
1012121212121212
1414141414141414
1412141414141412
1214121214141214
1212121212121214
1210121212121010
1412141412141412
1412121210101212
1412121210101012
1412121414121412
1210141214121214
1212121414141414
1214121414121012
1212101212121212
1212121212121212
1212141212141214
1212101212121210
1010101212121210
1212121012121210
1212121212141210
1212121214121212
1212121212121212
1616141212121212
1616161212121414
1618161412121212
1618181412101012
1616161212121214
1616141214121212
1616141414121414
1616141412121212
1212121414121214
1412141412141412
1212141210101214
1212121212121214
1212121212121412
1214121412121212
1212121214141214
1212121412101212
1616141414141214
1616141214141214
1616141212101212
1616141012121212
1616141212141414
1616141212141412
1616141214141412
1616141412121210
1214141616161616
1412161616161616
1212161616161616
1212141816161616
1210101616161616
1212121416161616
1212121416141616
1012141416161616
1210121212121212
1212101012101212
1212121210121212
1212141212121212
1210121212101212
1210141212121210
1212121212121210
1212121212121212
1212121414161616
1212141416161616
1214121616161416
1214141616161616
1412121614161616
1412141614161416
1414141616141616
1212141614161614
1212121212121412
1212121212121212
1212141412121212
1214121412141412
1212141412141212
1214141414121212
1212121214121212
1212121412141212
1412121212121012
1212121012121212
1212141212141212
1212121212121212
1212141212121212
1012121212121010
1212101212121212
1212101212121212
1818181814121212
1818181812121212
1a1a1a1812121212
1a1a1a1812121212
1818181814141212
1616181614121212
1414141614121212
1414141414141214
1412101212121012
1212121412121214
1212141412141214
1214121214141214
1212121412121212
1214121212121214
1214141212141214
1214141414141414
1616161612121212
1616161612121212
1414141412121212
1212121414121212
1212121212121212
1212121212121214
1212121214121414
1012121214121212
1616161618181818
1818181818181818
181818181818181a
1818181818181818
1618181818181818
1616161616161616
1414141416141414
1616141416161616
1614141414161616
1616161414161618
1816161416161618
1816161414161618
1616141414161616
1414141214141414
1414141214141414
1414141414141414
1616161616161616
1616161616161816
1414141414141414
1412121412121212
1212121212121412
1012141212101214
1214121212121412
1412121210101210
1616141214141416
1616141414141616
1414121414141414
1214141212121214
1214141412141212
1214121214101212
1412121212121210
1212121212121412
1818181616161616
1818181818181818
1818181818181818
1a18181818181818
1818181818181616
1616161616161616
1616161414141414
1616161414161616
1010101418181818
1010101618181818
101010161a1a1a1a
101010161a1a1a18
1010101618181818
1010101418181618
1010101416161614
1010101414141416
1616161616161616
1616161616161616
1414141414141414
1414121412121212
1212141414121212
1212141412141012
1214121412121212
1012121212121212
1010101414161616
1010101416161616
1010101414141414
1010101412121212
1010101414121210
1010101212121412
1010101012121414
1010101212121012
1412121216101010
1816141414101010
1818141214101010
1c18161814101010
161a181614101010
1a121a1614101010
1618101a16101010
1a16161014101010
121616181a1a1816
18181a1c1c1c1a1a
181a1c1c1a1c1c1c
1a1a1c1c181c1c1a
18181c1a161c1c1a
161a1a1a16161a1a
181a18181216161a
1818161612161618
1816181214101010
1818141814101010
1212121212101010
1212121212101010
1212121212101010
1210101212101010
1212121212101010
1212121210101010
1618161614161214
1616181816141616
1212121212121212
1012101212121012
1212121212141412
1412101210101010
1010121210121012
1212121412121212
1614121212161212
1a18161414141416
1c1a181412141216
1a1c181618181616
1a161a181614181a
1a1a121a14181814
1a1618101a1a1414
181a16161012121a
12121616181a1818
1618181a1c1c1c1a
16181a1c1c1a1c1c
161a1a1c1c181c1c
1a18181c1a161c1c
14161a1a1a16161a
14181a1818121616
1a18181616121616
1418181812121a14
1618181418161816
1212121212121212
1212121212121210
1214121212121412
1214121212101212
1412121212121212
1012121212121212
1416181616141612
1616161818161414
1212121212121212
1012121212101010
1212141012121212
1412121212121212
1212121212121214
1212121210121412
1212121414121612
1212121212121414
1212121212121412
1212121012101816
1214121212121418
1214141414121818
1212121214141a14
1212121212141212
1212121214121414
1012121212121212
1214121412121212
1212121412121212
1214121412121214
1214141214141212
1212141212141414
1212121214121214
121414141212121a
1212121212121616
1212121212121212
1212121214121212
1212121212121212
1212121212121212
1010101212121212
1010101010101012
1212121214121212
1212121212121212
1214121212121412
1010121212121212
1212121412121212
1212141212121212
1212141012121012
1210101010101010
1414161616141214
1414141414141412
1414141616141414
1414141616141414
1414161614141414
1414141616161614
1616161616161614
1414161616181614
1210121214121614
1210121012121614
1212101212121614
1212121414121614
1414141412141614
1212121214141614
1212121212161416
1212121214161616
1416161616161412
1414141616161212
1414141416141212
1414161614141212
1414161616141414
1414161416161212
1414141414161212
1414161414161210
1214121212181614
1412121412141614
1212121212121614
1212121212121614
1212121010141414
1012121212121614
1212121212141614
1212101212141414
1012121214121014
1212141412121212
1212121414121212
1414121414141414
1412121212121014
1212141214121412
1212121212121412
1412141212121214
1212121212121214
1212101212141412
1212141212121212
1214121210141212
1412121214121212
1414141414121212
1212141212121414
1412141212141414
1212121212121414
1414141414121212
1414141212141212
1210121212121212
1212121212121212
1212121010121210
1212121210121412
1210121212121214
1414121412121212
1612121412121214
1412141214121214
1414121414141212
1414121212121212
1612101012121210
1412121212121210
1212121210101210
1212141414121212
1212121012121212
1212121012121212
1212121212121212
1212121212141414
1414121212161412
1612121414161612
1412121216141614
1414121212161414
1412121212161414
1412121214161612
1612121212161414
1614101212161416
1614121412161416
1414141214161616
1416141616161416
1412121416161616
1412121616161618
1412121416181816
1414141416161616
1414141418161616
1412121616161616
1612121614141616
1612121414141614
1416161616161416
1416161616161616
1618161614161416
1616161616161616
1616161616161616
1614161616161616
1616141414161616
1616141414161616
1414141416141212
1414161414141414
1414161414161414
1416161616161416
1616161616161616
1616141416181616
1616141816161416
1416161616141416
1616161614141414
1616161614141614
1616161614141614
1616161616161614
1414161614161616
1414161614141614
1414141614141618
1414161614141616
1616161816161216
1816161616161416
1616161616161616
1616161616161616
1414141416161616
1616141616161616
1414141414141416
1614141616161616
1614161616141618
1414161616141614
1614161616161616
1414141616161616
1414161616141416
1614161616161616
1614141414161416
1414161614141614
1416161614161616
1616141416161616
1614141414141616
1616161616161616
1614161616161614
1616161414141414
1414141414141414
1616161614161614
1414141614141616
1414141416141414
1414141416161616
1616161616161616
1416141416161416
1414141414161616
1414141414141414
1614141616161416
1616161616161616
1616161614161414
1414141414141416
1414141414141416
1616161616141414
1616161616141414
1616161616141416
1616161616141616
1616161616161416
1616161616161616
1414141414141414
1414141414141414
1616161616161616
1618161616161616
1616141614161616
1614161416161416
1616161414141414
1414141416161414
1616161616161414
1616161616161616
1614161614141416
1614161616161416
1414141414141414
1414141614141616
1414141416161416
1414141616161414
1416141416181616
1616161616161616
1616161616161616
1416141616161616
1616181616161414
1616161416161416
1616161416161616
1414161614141614
1614141414141414
1614141414141414
1614161616161416
1614161616161616
1614161616161616
1614161616161616
1616181616161416
1414161614161416
1616161616141416
1616161616141616
1416161616161616
1616161616161414
1614141416161416
1414161416161416
1212141614141414
1412141614161414
1412161414161414
1614161616161616
1616161414161616
1618161414141414
1414161616141816
1612141416141614
1214161212121214
1214161412121214
1216161412141214
1214161412121216
1614161212121216
1614141412121216
1616161412121416
1614161614141614
1612161616161616
1414161616141416
1616161616161616
1616161616161616
1616141414141414
1616161614161616
1614141414161414
1414141414141414
1614161616161616
1616161416181616
1614141416161816
1614161414141416
1614141414141416
1414141414141616
1614141414141416
1614141414141414
1412121210121012
1212121212141212
1212121012121412
1212121212121212
1012141412121012
1212161410121214
1414161412101216
1216161614141414
1212141414121214
1212121212101012
1212121212121212
1212121212121412
1012101214121412
1212121214121214
1212121212121212
1212121214101212
1416141614141214
1616161816141214
1616181816141214
1416181816121214
1618161616141014
1616161616141214
1616161616141416
1416141616121416
1212121212121212
1212141212121212
1012121212121212
1212121212121210
1212121212121212
1414121214141212
1212141412121414
1212121412121212
1212121210121212
1414141412121212
1210141212121212
1212101212101212
1212121214121212
1212121212121212
1212101212141212
1212141212121412
1616141214121212
1616141214121212
1616141412121214
1616141212121212
1616161212141212
1616161412121212
1616161612121414
1616181614121212
1212121212121212
1212121212121212
1214121212121412
1212141214121212
1210121212121212
1212121414141212
1212121414141212
1214121212141414
1616181614121212
1616161212121212
1614161212141412
1616161212121212
1616161412121212
1616161212121212
1614161212141414
1614161412121212
1212141416161416
1414121614161614
1214121614141414
1212121614141616
1214121614161416
1214161616141414
1214161616161616
1214161616161816
1412101212121014
1212101212121014
1412121212121414
1412121212121414
1214141214121214
1012121212121212
1212121212121214
1412121414141212
1212161616161616
1212141614161416
1212121616141614
1012141616141416
1412141616141616
1412121414141414
1212141614141616
1412141614141614
1214141412121212
1212121212121412
1412141212121212
1010121212141012
1214141412141214
1412121212121214
1212141212141214
1212121214141212
1210121212121414
1212121214141412
1212121212121214
1212121212121214
1212121214121214
1010101010121212
1412121212121212
1212141414141214
1412121212141212
1214121210121212
1212121212121212
1010121212121212
1010121210101210
1214141212121210
1412121214121412
1212121212121212
1212101212121212
1212121212141412
1210121214121212
1412121414121212
1214121414121212
1212121212141212
1412121412141412
1212121212121212
1212121412141412
1212121412121212
1212121212121212
1212141412121212
1014141212121412
1212121214141214
1212141212121214
1212121012121012
1212121212121212
1214121212121214
1012121212141212
1212121012121210
1212121010101010
1212141212121212
1214121212121214
1412121212121214
1012121212121214
1212121210121212
1214121412141212
1212121212101412
1212121412121212
1212121012121010
1212101212121412
1212141212121414
1214121212121214
1412121212121012
1212101212121012
1412121214121212
1214141412121212
1212121212101212
1212121212141212
1212121210101210
1212121212121212
1212121212121214
1212121212121212
1210101212121012
1212121412141414
1212141212121212
1212121212121212
1212121212121210
1212121212121212
1212121212121212
1212121212141214
1212121212121212
1412121210121212
1412121212121214
1212101012101012
1014121214121214
1010101412141212
1010101212121212
1010101414121212
1010101212121212
1010101212121212
1010101012121212
1010101012101012
1010101214141214
1212121212121214
1412141214121214
1212141212121212
1412121212121010
1212101012121212
1212121212121214
1414141212121010
1212101212121212
1010101412121212
1010101212121212
1010101212121212
1010101010121012
1010101212121012
1010101414121212
1010101214141212
1010101212121212
1210101010101010
1012101012101010
1012121012101010
1012121212101010
1212121212101010
1412121210101010
1212121212101010
1212121212101010
1212121214121212
1010101010101010
1010121010101010
1012121212121012
1212121210121212
1212101012121212
1012121012121412
1212121014121210
1212121212101010
1212121412101010
1214141212101010
1212121410101010
1414121412101010
1616161414101010
1616161614101010
1616181616101010
1214121214121210
1212101212101212
1412101212121412
1212121212121412
1212141414161616
1416161616161616
1616181616161616
1616161618161616
1010121214121212
1010101212101010
1010101210101010
1010101212121012
1012121212141212
1212101212121212
1210101212141212
1212121412101012
1212101010121012
1012121010101010
1212121210121010
1210121212121210
1212101212121212
1412121412121210
1212121412121214
1210101012121412
1212121210101012
1214141212121214
1412121214121212
1214121010121012
1010101010121012
1210121212121012
1212101212101214
1212121212121416
1212101212101214
1214121212121414
1212121412121212
1012121010101212
1010101010101212
1010101012121212
1010101212121212
1012121210121212
1010101010101010
1212101010101212
1214121212121212
1012121210121010
1212121212121010
1212121412121210
1212121212121212
1010121012121012
1010101010101010
1210101010121212
1210101012101412
1212101012121212
1012121210101212
1010121212121212
1212121212121212
1212121212121212
1210121212121212
1212121212121212
1212121212121212
1212141210101010
1210121010101010
1410121010101010
1210101010101010
1212101014121212
1212101212101212
1212121212121212
1212121214121412
1412121212121010
1212101214121010
1012101012121010
1210121010121010
1010101210101012
1416141616161210
1414141414141212
1414161414141412
1414141416141412
1414141416141410
1416141414141212
1414141414161414
1414141414141414
1212121414141414
1210121412141414
1010101012141414
1010101212141414
1212121212141414
1212101012141414
1212121212141414
1212121212141414
1414141414161614
1616161616161614
1414161616181814
1416161616161412
1616141616141412
1416141416141410
1416141414141210
1414141414161210
1212121414161414
1212101216161614
1212121216161414
1212121214161414
1212101212161414
1010121412141414
1212121414141414
1212121214161414
1210121212121212
1212121214121210
1212121010101010
1212101010101010
1210121210121212
1210121212121012
1412121014121014
1210101212121214
1210121212121012
1412121212141412
1214121212121412
1212121212121212
1212101010121212
1212121212101212
1212121212121210
1212121212121210
1212101212121212
1212121212121214
1210121212121212
1210121010101212
1210101212101212
1212101210121212
1212101210121412
1212101210141212
1412121210121212
1412101212121212
1612121214121212
1412141212121012
1212101212101012
1212101212141010
1212121212121012
1212121212121212
1410121414141614
1412121414141616
1414121414161416
1412121414141416
1412121414161416
1412101414141414
1412121414161414
1410121414141614
1616161614141416
1416161616161416
1616161616161616
1416161414161616
1616141414161616
1616141414161616
1416161414141616
1416161414141616
1410121414141416
1412141616161616
1412161616161618
1412121614161414
1412121414141414
1412121414141616
1412121414141414
1412121414141416
1616161414141616
1416141414141616
1614141414141616
1414141414141616
1616141414141616
1616161616161616
1414141414161616
1616161614141616
1616161616161416
1614161616161616
1214141616161416
1414141416161414
1414141416161416
1414141414161616
1414141414161616
1414141414161616
1414161414161616
1614161614141616
1614141614141614
1614161414161414
1414161614161414
1614161414141414
1614161414141414
1614161414141414
1414141414141416
1414141414161414
1614141414161414
1616141414161416
1616141414161614
1616141414141616
1414141414141416
1614141416161416
1414141614141414
1614141414141414
1614141414141414
1614141414141414
1614141414141414
1614161416141414
1614141414141414
1614161414141614
1616161616141416
1616161616141616
1414141616141416
1414141616141414
1212141416141414
1414141416141414
1414141416141414
1414141416141614
1616141414141616
1414141414121414
1414141414141414
1414141414141214
1414141414141412
1414141414141414
1414141414141414
1414141414141414
1414141414141614
1414141414141616
1414141414141616
1414141414141416
1414141414141416
1414141414141616
1414141414141616
1414141414141616
1416141414141414
1416161616141414
1414161616141414
1416161616141414
1416161614141414
1416161416141414
1414141414141414
1414141414141414
1614141616161614
1414161616161416
1414161616141614
1614161616161414
1614161616161414
1616161616141414
1616161616141414
1414161616141414
1616161416161416
1616161616161414
1616161616141416
1416161414161416
1414161616161416
1414161616161414
1414161416161416
1414161416161416
1614161614141414
1614161614141414
1414141614141414
1416161414141414
1616161614141414
1414161614141414
1614161614141414
1614141614141414
1414161416161416
1414141416141416
1414161416141416
1414141616141416
1414161616161416
1614141616161416
1414141416161416
1616141616161416
1416161616161616
1416161616161416
1614161616141414
1414161614141414
1414161614141414
1414161614141414
1416161414141414
1416161414141414
1414141414141414
1414141414141416
1414141414141416
1414141412141416
1414141414141414
1414141414141416
1414141414141416
1414141414141416
1416141414141414
1416161414141414
1614141414141416
1614141614141414
1416141614141616
1416141414141616
1416141414141414
1414161414141616
1414141414141414
1414141414141416
1414141414141416
1414141414141414
1414141414121416
1414141414141414
1414141414141414
1414141414141414
1414141614121214
1416161614141414
1414161614121214
1414161416121214
1414141616121214
1414161614121214
1414141614141214
1414141616121214
1212121212121212
1414141412141212
1210121212121212
1012121212121212
1212121212121212
1412121212101012
1210101212121214
1212121014121214
1414141616121214
1616161616141214
1616161616161014
1614141416141214
1414141614121214
1414141414141014
1414141414121014
1414141414121014
1414141214141414
1010101412101014
1010101010121014
1212101212121212
1212121212121212
1212121210121212
1212121212121210
1210121212121210
1212121214141412
1414141212141412
1412121012121214
1210121212141212
1212121212141412
1214121212121212
1012121210101210
1212141212121212
1616161412121212
1616161412121414
1416161412121212
1616161412141212
1616141412121212
1616161410121212
1614161410121212
1616161412101212
1212121212121212
1414121210121212
1212121212101212
1010121212121212
1010121412121210
1212121212121012
1212121010121212
1212121012121212
1414161414121214
1616161614121212
1616161814101012
1616161612101012
1616161410121212
1416141414121012
1414161612101010
1414141412101210
1212121614141414
1214141614141414
1212141614141416
1212141414141416
1212141414161416
1212141614141414
1212141414161414
1012141614141414
1210121412121210
1412121412141212
1412121210121212
1012121212121012
1010121010121010
1010121212121212
1212141412141412
1212121212121212
1214161614141416
1216141616161616
1216161616161616
1414161616161616
1212141414161616
1212141414141414
1212141414141414
1212141414141414
1214121412141212
1212121212121214
1412121012121212
1212101212121214
1012121414121210
1212141212141212
1212121212121212
1412121214121212
1212121012101012
1212141212141214
1214121212121212
1212121212121412
1212121212121412
1212121212121014
1212121210101212
1214121212121212
1210121212121212
1212121212121214
1212121212101414
1212101010101212
1012101212121212
1012121412141212
1212121212121412
1210101212121212
1214141212141214
1212121212121214
1412121212121212
1212121210121212
1014121210101210
1212101212121012
1212101212121212
1212121212141212
1210121212121012
1410121214121012
1412121412121212
1214141214121212
1012121212121212
1212121212121212
1212121212121212
1212101212121012
1012121210101010
1212121212121412
1212121212121212
1212121414121212
1212121212121412
1210121414121012
1212141412121212
1212121212101212
1214101212121412
1214101212101212
1212121412121212
1412121212121212
1210121210121210
1212141212101212
1212121214141412
1212121212121212
1212101214101212
1012121212121212
1212121212141212
1214141212121412
1212121212121210
1412121412141412
1412141014141212
1214121212141412
1210121212101210
1212121212121412
1212101214141212
1212121212141214
1412141212101212
1414121212121414
1414101012121214
1212121212121412
1210121212121012
1212121012121210
1214121214121212
1212121212121212
1212101010121012
1212141212101210
1214141412121212
1214161414121212
1010101212121212
1010101212121212
1010101212121212
1010101412121212
1010101614121212
1010101616101010
1010101416121212
1010101416141212
1416141414121212
1616161616121012
1616161616161214
1416181616141212
1416161616121212
1616161616121214
1616161616161212
1414161616141212
1010101416141214
1010101416141416
1010101416161416
1010101414161416
1010101414161416
1010101414161416
1010101414161616
1010101414161416
1616161616101010
1616161616101010
1616161616101010
1616161614101010
1616161616101010
1616161616101010
1616161616101010
1414141616101010
1616161818161616
1616161616161616
1616161616161616
1616161816161616
1616161616161616
1616161616161616
1816161418161616
1818161616161616
1614161616101010
1616161616101010
1814161616101010
1616141614101010
1614141414101010
1614121414101010
1414121212101010
1414121212101010
1818161616161816
1616161616161616
1616161616161616
1616161616161616
1818181814161616
1816161616161616
1618161614161616
1616181616161614
1210121214141616
1210121416161616
1012141616161616
1414161616161616
1616161616161616
1616161616161616
1616161616161816
1616161616161618
1214121212121212
1212141412121412
1412141212121412
1410121212121214
1412101212121216
1412121414121414
1612121212101216
1612121212101416
1616161616161616
1616161616161618
1616161616161616
1616161616161616
1616161616161416
1216161616141416
1414161614161416
1214161612121414
1612121212121416
1612121212121416
1612121212101416
1614121212121214
1614121212121214
1614121412101214
1614121210101214
1614101212121210
1212101214141212
1212141616161614
1214161614141616
1214161414121416
1214161414121416
1014161414121216
1214181414141416
1412161412141416
1010121212121212
1010121212121212
1212121012121212
1214121214121212
1412121214121214
1212121212101412
1212141412141212
1212121212141212
1212161414141214
1214161214121214
1214161212121412
1214161614121214
1216141614121214
1414141414121212
1216141214121212
1416141410121214
1214121212121412
1214141412121212
1212121212121214
1412121212101412
1412121212121412
1212121212121212
1212141212141412
1212141210121414
1414141414141410
1414141414141212
1414161614141212
1414141414141412
1414141416161412
1414141414141414
1414141414141412
1414141414161412
1212121012161414
1212101012141414
1012101012161414
1014121012161414
1012101014161414
1212121212141414
1212121214141414
1412121014141414
1414161414141412
1414141414141412
1414141414141412
1416161414161414
1616141616161616
1616161416161414
1414141414161414
1414141414141414
1210121214161414
1212121216141414
1416121216141414
1616141418161414
1616141616141414
1616161614141414
1414141414141414
1414141414141414
1010121212121212
1212121214141414
1212141414121214
1412121210101212
1212121210101214
1012121212101212
1214121212101412
1414141414121212
1412101010121212
1412101010121214
1414141012141214
1414141014101012
1414141414121212
1614141412121212
1414101212141410
1410121210121212
1614141616121212
1614141416101412
1612141416121212
1412141416161614
1614141416161616
1612141416141414
1614141416141414
1612141416141414
1210121412121412
1414141212141214
1616161214121214
1414161416161616
1414161416161616
1414161414161614
1414161414141414
1414161414161416
1412121614141614
1412121414141416
1412141414141414
1412141414161616
1414141614141416
1412161614161616
1412141614141416
1412141414141414
1616161416141616
1614161616161616
1616141416161616
1616141414161616
1616141414161616
1616141414161616
1616161414141616
1616161414141616
1414141614141414
1412141414141416
1414161614141616
1416161616141614
1616161616161612
1614141616161612
1614141614141612
1614141616161614
1616141414141416
1616161414141616
1618161616161616
1618161616161618
1616161616161616
1416141414161414
1416141414141414
1416141414141614
1616161616161616
1414161616161616
1414141416161416
1414141416161616
1414141414161616
1414141414141616
1414141414141616
1414141414161416
1614161414141616
1614161414161616
1414141414141414
1614141414161414
1414141414161414
1614141414141414
1614141414141414
1414161414141414
1414141414161616
1614141416161616
1614141616141416
1616161814161616
1616161614161616
1416141614161616
1416141414161416
1414141416141416
1414141414141414
1414141614141414
1616161616161616
1818161616161616
1616161614161616
1416141616161416
1616141414161414
1414161414141414
1414141414141416
1414141414141616
1414141414141616
1414141414141416
1414141414141416
1414141414141616
1414141414141616
1414141414161614
1614141414141414
1414141414141414
1614141414141414
1416141616141414
1414161616141414
1416161416161614
1416161616161414
1416161616161414
1414141414141416
1414141416161414
1616161616161616
1616161816161618
1416141414141414
1414141414161414
1414141414141416
1414141414141414
1616161616161414
1416161616161614
1616181616161618
1616161818161818
1616161414161414
1414161414161614
1416161414161414
1416161414161414
1616161614141414
1616141414141414
1614141614141414
1614161614141414
1614161414141414
1614161614141414
1614161614141414
1614161614141414
1616161616161416
1616161616161416
1416161616141416
1416161616161416
1414161616161416
1414161616161416
1414161616141416
1414161416141416
1616161614141414
1416161614141414
1818181816181616
1818181818181816
1416161414161614
1614141414141414
1416141414161614
1416141414161614
1414161614141416
1414161616161414
1414161416161418
1414161416161618
1416161414161614
1614141414161614
1414141414161614
1414141414141614
1416161616161616
1616161616141416
1616161616141414
1414161614141414
1414161614141414
1416161614141414
1416161614141414
1414161414141414
1414141414141414
1414141414141416
1414141414141416
1414141414141416
1414141414141414
1414141414141416
1414141414141416
1414141414141414
1416161614141414
1616161614141614
1614161614141616
1614181614141618
1414161414141616
1616141416141616
1414141416141416
1616161414141414
1414141414141416
1414141414141414
1614141414161416
1616161616161616
1416161616161416
1616141416141616
1416141414141414
1416161416161616
1614141414121012
1414141414121014
1414141414121014
1414141414121014
1614141416141014
1414141416161214
1414141416141212
1414141414141212
1210121212101010
1010121210101012
1010101012101012
1212101012101212
1212101014101214
1210121210101216
1210101212121214
1210121212141212
1414141414141014
1414141414141414
1414141414141214
1616161414141416
1614161816161616
1414141614161616
1414161614161614
1414161414161614
1410121212141212
1212121210101212
1212121212121212
1414161614161616
1414161614161616
1416141614161616
1414141614161414
1414141614161414
1012121012121212
1210101012121212
1212121212121210
1212121012141212
1212121012121212
1212121010121414
1214121212101212
1212121212121212
1414161612101010
1614141412101010
1414141412101012
1416141412121012
1616161412121212
1414141412121212
1614141412121212
1416161412121412
1212121212121212
1412121214121212
1214121416121012
1414141416141414
1414141616161616
1616141616161416
1614141616161414
1414141616161414
1414141412101212
1414141412121212
1416161412121214
1414161614121214
1414141616141416
1414141614141614
1416141414141414
1414141414141416
1212141414161414
1212141414141414
1210141414161614
1412141414141414
1214121414141414
1212141414141414
1012141414141414
1014141414161414
1212121212121212
1212101210121012
1012101014121012
1012101212121212
1010101212121212
1012121210101212
1012121210101010
1212121012101010
1210141414141414
1212141416141414
1214141414141414
1212161614161416
1416161616141616
1416141614141416
1414141414141416
1414141414141416
1212101014121010
1212121012121212
1212121012121010
1212141414121014
1010121012121014
1014121010121212
1012141210121010
1012101210121210
1212141212121412
1212121414121212
1012101010101010
1012121012121010
1212121014121012
1614121012121012
1616121010101012
1416121010101014
1212121212121212
1214121212121010
1212121212121010
1212121212121212
1412121412121412
1214141212141616
1212141414161414
1212121414161414
1416121210121012
1416121212121010
1416141012121010
1416141010121012
1414161010121212
1416141012141412
1416161012141410
1414161212141410
1212121212161414
1414121214161414
1414121012161414
1212121012161414
1412121012161414
1212141212161414
1212141012161414
1012121012161414
1212121212121412
1212121412121212
1214121214141212
1212121412121212
1212121414121412
1212121212141412
1212101012141212
1212141214121212
1210121212121214
1412121214121412
1212101412121212
1212121212121212
1212121014141212
1212121212121212
1212121210121212
1212121212121212
1210121414141014
1212121412121212
1214121412121212
1214121214141414
1212121212121214
1212101412121212
1412121212121214
1414121212121412
1212141212121214
1012121412141212
1212121212121412
1412121212121212
1410121012101012
1010121412121012
1210121412121214
1412121212141412
1414141416121212
1414141616141212
1614141616121214
1614141616121214
1414141416121212
1414141416121214
1614161616121214
1414161416121210
1010101414161414
1010101414161414
1010101414161414
1010101414141416
1010101414161416
1010101414161616
1010101414141616
1010101414161614
1414161416121210
1414161416141212
1414161616121012
1614161416161412
1414161416161612
1616161416161412
1614141416161212
1614141416161412
1010101414141614
1010101414161614
1010101414141416
1010101414141416
1010101414141616
1010101414141614
1010101414141616
1010101414141616
1414141212101010
1414121212101010
1614121014101010
1614121212101010
1614101214101010
1412121214101010
1414141212101010
1414141414101010
1216161816161816
1416161614161616
1416161614161816
1414141616141616
1414141616161616
1414141416161414
1414141414141414
1614141414141414
1414141614101010
1414141614101010
1414161414101010
1414181614101010
1414161614101010
1414161616101010
1616161616101010
1616161616101010
1614141614141414
1414141616141414
1414141416141414
1414141414141414
1416161614141414
1416161416141414
1414141414141416
1414141414141414
1212141414121412
1412121214121412
1212121214141414
1414141414141414
1416141614141416
1414141614141414
1414141414141414
1414141414141414
1614121214121212
1414121414121212
1614141214141412
1616141414161414
1414141414141416
1414141414141414
1414141414141414
1414141614141414
1616141414141414
1616141414141414
1616141414141414
1816141414141414
1616141414141416
1616141414141414
1616141414141414
1616141414141414
1416161616161614
1416161816141414
1416161616141416
1416161616141416
1416161616141416
1416161616141616
1416141414161414
1414141416161414
1416141212121214
1416141414121414
1416121412121412
1616121212121414
1414121212121212
1414141212141214
1414121212141212
1414121414141214
1214141210101212
1414141210121212
1214141412141212
1414161614141414
1616141616141414
1616161614141414
1414161414141416
1414141414141414
1414121412121214
1414121010121414
1414121012121414
1414121012121214
1414101012121414
1414121012121412
1414121010121212
1414121010121214
1414141414141414
1616141414141414
1616141414141414
1816141414141414
1816141412141414
1616141214141414
1616141214141414
1614141212141414
1414141414161414
1414141414141614
1614161616161614
1414141414141616
1616161416141616
1414161616161616
1616161616161616
1414141616141616
1614141414141414
1416141414141414
1616141414141414
1614141414141414
1616161416141414
1616161616141414
1614141414141616
1212141614141616
1414161616141616
1414161616161818
1414161616161616
1412141616161816
1414141414161616
1414141616161618
1414141416161418
1416141616141416
1412141614161414
1414141614161614
1416161614141414
1416161614141414
1416161614161414
1414141416161416
1614141414161416
1414141616161416
1612141416141414
1612141416161414
1612141416161616
1412141416161616
1412141414161416
1412141414161616
1412141414161616
1412141414161612
1414161414141416
1414161414141414
1414161616141616
1414161614141416
1414161616181416
1414141414161616
1414141414161616
1414141616161616
1412121414161412
1412141414161414
1412141414161416
1412121212141414
1412121414141614
1212121414161616
1412121414161614
1210141414141414
1414141616141416
1414141616141416
1414141414141616
1414141414141616
1414141616161614
1214141616161616
1212141414141414
1212141414141414
1614161614141612
1614141616161614
1614141616141614
1614141616161612
1614141416161612
1614141416161412
1612141414141412
1612141414141414
1418161414161616
1416161414161616
1616161616161416
1616161416161616
1616161616161616
1616161618141416
1614141614141416
1614141616161416
1614141414141412
1612141414141212
1412141414141214
1612121414141412
1612141416141412
1612141416161212
1412141416161412
1612141414141412
1414141616161616
1414141616161616
1414141616161616
1414141614141614
1414141616141614
1414121616141616
1414141616141414
1416141414141414
1416141616161616
1416161614141616
1616141614141616
1616141614141614
1416161614141614
1416161414141616
1616161414141616
1616141414141616
1616141414161414
1614141416161414
1616181616161616
1616161416161614
1416181414161616
1414141414161616
1414141414161616
1414141414161416
1616141414141614
1618161414121614
1616161414141416
1416161414141414
1414141414141616
1414141414141414
1414141414141414
1414141414141414
1414141414161416
1414141414161414
1614141414141416
1414141616161414
1614161414141414
1416161414141414
1414141416161614
1414141416141614
1414141414141414
1414141414161414
1614141616161616
1616141416161416
1616141416141616
1416161416161616
1616161616161614
1416161414141414
1416141414161414
1416141414161414
1616161616141616
1416161416161414
1416141414161414
1416161616161614
1818181618181616
1616161616161414
1414141414141414
1614141614161416
1616141416141414
1616161414141614
1416161614141416
1616161616141414
1616141616161614
1616141616161416
1416161616161616
1416161616161616
1614161616141616
1414161616141416
1416161616161616
1816161616161616
1616141616161414
1416141616161416
1416141414141614
1416141414161616
1616141416161614
1416141414161614
1416141414161616
1416161414161616
1616181616181616
1416181616181616
1414141414141614
1416141414161414
1416161416161414
1414141414161616
1616141414161616
1614141414161616
1414141414161416
1414141414141414
1416161616181414
1616161616161616
1414161414161616
1614141416161614
1414141616161614
1616161616161616
1616161614161616
1616161414161414
1414141414141414
1414141414161616
1414141616141414
1416141414141616
1414141614161616
1414141616161416
1616161414141414
1614141616141616
1616161614141414
1616141616141416
1614141616141416
1616141414141414
1414141416141416
1414141416161414
1414141416161616
1414141416161616
1416161416141614
1416161416141414
1416161416141414
1414141416141614
1416141616141414
1416161616141414
1416161816141414
1416181616141414
1414141414161616
1414141414161614
1414141414161616
1414141414161416
1414141414141416
1414141614141414
1614141414141416
1414141416141416
1416161614141414
1414161614141414
1414161614141414
1414161614141414
1414161616141414
1416161616141414
1416161416141614
1414141414161414
1414161414161614
1414161414161614
1416161414161614
1414161414161414
1414161414161614
1414161414161614
1616161414161614
1616161414161614
1414141614161414
1414161614161614
1414161414161614
1614161414141614
1616161414141614
1618161414141616
1618161414141616
1616181414141416
1416161414161614
1416161414161614
1414141414161614
1616141414161414
1414141414161414
1414141414161614
1414141414161614
1416141414141414
1616161414141414
1616161414141414
1616161414141416
1414161414141414
1414161414141414
1616161414141414
1616161414141414
1616161414141616
1414141614161614
1414141614161614
1416161614141616
1414141614141616
1614141614141616
1614141614141616
1616161614141616
1614141414141414
1414141614141414
1414141616141416
1414141614141614
1414161616141416
1414181616141416
1616181614141416
1616161616161616
1414141414141614
1616141414141414
1616161414141614
1414141414141412
1416161414141414
1416161616141416
1616161616141616
1414141616141616
1414141416161616
1414141414141416
1414141414141416
1614141416161614
1616141414161414
1614141214141616
1614141412141614
1414141414141616
1616141414141414
1214141414141414
1414141614141416
1216141616161416
1414141614141614
1616141616181616
1416161616181818
1616161616161616
1616161616161614
1010101010121210
1010101010101010
1210121010121010
1212141414141212
1616141414161816
1616141416161616
1616161616161616
1614161616161616
1614161416141616
1614161414141614
1614141416141616
1614141416161616
1614121414161616
1616141616161416
1414121414141414
1614121414141614
1416161614141616
1414161414141616
1414161414141616
1416161414141416
1416161414141414
1416141614141616
1414141414161616
1414161414141616
1414161212141412
1414161414141410
1414141416141412
1414141414141616
1414141614161616
1414141616161614
1414141616161616
1414141618161616
1212121212161414
1212121212161414
1212101212161414
1412121214161414
1614141416161414
1816161614161414
1616161616161414
1414161616161414
1414141616141414
1414141618141416
1414141616121214
1414141616121012
1414141616121012
1414141616121214
1414141416141414
1414141414141414
1414161616161414
1416161616161414
1414161416161414
1414141416161414
1416141614141414
1616161616141414
1616161416181414
1616161616161614
1414141212121212
1416141414161412
1614141414141412
1414141414141616
1416161416161618
1614161616161416
1614161616161416
1414141414141414
1214141414141416
1414141416161614
1414141414141416
1214141414161416
1616161414161614
1816161614141414
1616161614161414
1414141416141414
1414141414141414
1414141414161414
1414141414161414
1414141414141412
1414141414141414
1414141414141414
1416141414141414
1416141616161416
1616141616141414
1416161416141414
1414141414161414
1414141414161414
1414141412161614
1416141414141616
1414141414141414
1414141414161616
1614161616161414
1614161414161412
1614141414161412
1614141414161412
1614161616161616
1616161416161616
1616161616161616
1616141616181414
1010101414141616
1010101414141416
1010101414141416
1010101414141616
1010101414141616
1010101414141414
1010101414141416
1010101414141416
1616141616161614
1616141614161614
1416161614141414
1414141414141414
1412141416141414
1414141416161416
1416141414141414
1616141414161416
1010101414141414
1010101414141416
1010101414141416
1010101414141414
1010101414141414
1010101414141414
1010101416141416
1010101614141414
1616141616101010
1414161616101010
1414161616101010
1414161416101010
1414161616101010
1616161414101010
1616161416101010
1616141416101010
1414141414141414
1616141416141414
1616161616141414
1414141414161414
1614141414141414
1614141414141416
1414141414141616
1414141414161616
1414141414101010
1414141414101010
1214141414101010
1214141214101010
1214141414101010
1412141414101010
1414141214101010
1414141414101010
1414141414141416
1614121412121412
1614141412141412
1414141412141412
1614141414141414
1414141414141414
1414141414141414
1414141414141414
1616141214141414
1614121214161614
1614101214161616
1616121214141414
1414141414141414
1412141414141414
1414141414141414
1214141414141414
1414121414141416
1414141414141416
1414121414141616
1416141416161416
1214161416161616
1414141616161616
1416141614161616
1414141614141414
1414141414141214
1414141414141414
1414141414141414
1414141414141414
1414141414141414
1414141414141414
1414141414141414
1414141414141414
1414141414141414
1416141414141414
1414141414141414
1414141414141414
1414141414141414
1414141414141414
1414141414141414
1414141414141416
1412121010121214
1614121010121214
1614101010121212
1614101010121212
1614101010121212
1414121412121012
1614121012121212
1614121012121212
1616141414161414
1616141414161414
1616141414141414
1614141414141414
1614141414161412
1414141414161414
1414141414161414
1414141414141414
1414121212121012
1414101210121212
1614121010121212
1416141210101214
1416141212121414
1414141414141414
1414141414161414
1414141414141412
1614141414141414
1414161416161414
1414141414141414
1414141414141414
1414141414141414
1414141414161414
1414141414141414
1214141414121414
1414141414141416
1414121416141416
1414141416141416
1414141416161416
1414141416141416
1414141414141416
1414141414141414
1614141416141414
1414141414161614
1414141414161414
1414141416161614
1414141416161416
1414141414141414
1414141414141414
1414141414141614
1414141414141414
1414141414141414
1214141414141414
1414141414141414
1414141414141414
1414141414141414
1414141416141414
1416141414161414
1414121412141412
1414141414141414
1214141414141414
1412141414141414
1414141414141414
1414141414141414
1414141414141414
1414161616141414
1414141416141414
1212121414161414
1212101414161414
1010121214141414
1012121214161414
1212121414141414
1414141214141414
1614141414141414
1414141414141414
1012141414141416
1014141614141614
1214141414161614
1414141414141414
1414141414141414
1416161614141416
1414141414141414
1614141414141414
1414141414141414
1414141414141414
1414141414141414
1414161414141414
1414141414141616
1414141414141414
1414141414141414
1414141414141414
1414161614141414
1416161416161414
1414161616141414
1414141414141614
1414141414141414
1414141414141414
1414141414141414
1414141414141414
1414141414141412
1414141414141412
1414141414141412
1414141414141412
1414141414141414
1614141414141414
1414161616141414
1414141414161416
1414141414141414
1414141414141414
1616141414141414
1414141614141414
1616141414161414
1414141414141414
1414141416161614
1414141414141616
1616141414141416
1414141616141414
1414141416161416
1414141414141616
1414141414141414
1414141414141414
1414141414141414
1414141414141414
1414141414141414
1414141414141414
1414141414141414
1414141414141414
1414141412141414
1414141414121414
1414141414141414
1414141614141414
1614141414141414
1414161614161616
1414161416161414
1414141414141616
1416141414141414
1414141414141414
1614141414141414
1616141414141414
1614141414141414
1416161414141414
1414141614141414
1614141416141414
1616141414161414
1416161414141414
1414161614141414
1616161616141414
1416161414141414
1414161614141414
1414141416141414
1614141414141414
1614141414141414
1416141414141414
1414161414141414
1414141414141414
1616161616161414
1414141414161614
1414141414141616
1414141414141416
1414141414141414
1414141414141414
1414141414161414
1414141212141414
1414141614161414
1414141614161614
1414141414141416
1414141414141416
1414141414141414
1414141414141414
1414141414141414
1616161616141616
1616141616161416
1416141614141416
1414141614141414
1414161614141414
1414161616161414
1414161614141414
1416161616141414
1616161416161616
1616141616161616
1414141414141614
1414141414141414
1414141214141414
1414121414141414
1414141414141414
1414121214141414
1414121414141414
1616161616161616
1414161616141414
1414161416141414
1414161614141414
1414161414141414
1414141614141414
1414161414141414
1414161414141414
1616141416161414
1614141416161416
1414141414141614
1416141414141414
1414141414161414
1414141414141414
1414141414141414
1616161616161616
1414141414161616
1414141616161616
1414161616161616
1616161616161614
1616161616161614
1616141616161614
1614161614161614
1616161414161616
1616161616161616
1414161614141414
1414141414141414
1414141414141414
1414141414141414
1614141614141414
1614141614141414
1614141614141414
1616161416161416
1414141416161414
1414141416161414
1414141416141416
1414141416161416
1414141416141414
1414161416141416
1214141414141414
1414141616161414
1616161414141414
1614141414141414
1414141414141414
1414141414141416
1414141614141616
1414141414161616
1414141416161616
1614141414141416
1414141414141616
1414141414141416
1414141614161614
1414141616141414
1416161414141414
1414141414141414
1414141414141414
1414161616161614
1416161416161416
1616141614141614
1614161414161614
1616141416161414
1614141614141414
1414161614141414
1414161614141412
1414141414141414
1414141414141414
1414141414141414
1414141414141616
1414141414141614
1414141414141414
1414141414141614
1416161414161414
1614161414141416
1414141616141414
1416141414141414
1414141414141414
1414141414161414
1414161414161614
1416161414141616
1614141416161414
1616161614141614
1614141612141414
1414141414141614
1414141416161414
1414141414141414
1414141414141414
1414141414141614
1414141414141414
1414141614141414
1416141414141414
1414141414141414
1414141414141414
1414141414141414
1414141414141414
1414141214141414
1414141414141414
1414141416161414
1614141414141414
1414141414161614
1214141416141414
1414161614141414
1414141414141414
1414141414141414
1414141414141414
1414141416141414
1414141616161616
1616161414161416
1414141414161414
1414141414161416
1414141414141414
1414141414141414
1414141414141414
1616141414141414
1614141414141414
1616141414161616
1616141616141616
1414141414141414
1614141414141414
1414141412141414
1414141414141414
1414141414141414
1414141414141414
1414141414141414
1414161414141414
1414141414141414
1414141414141414
1414141414161414
1614141614141414
1414141414141414
1414141412141414
1414141412141414
1414141614161614
1414141414141414
1414141614141414
1414141414141416
1414141414141414
1416141414141414
1416141414121414
1416141616141414
1414161816141416
1414141414141616
1616161616141414
1616161414161414
1416161414141414
1414161616161616
1414161416141616
1414141416161616
1616161416161414
1616141414141414
1616141414141616
1416161616161616
1616141414141414
1414141414141414
1414141414141414
1414141412141414
1414141414141414
1414141414141414
1414141414141414
1414141414141214
1414121214141414
1414141414141414
1414141414141414
1414141414141414
1414141414141414
1414141414141416
1414121414141414
1214121414141414
1414141414121214
1414141414141414
1414141416161416
1414141414161614
1414141414141416
1414141416161616
1414141416161416
1414141414121414
1414141416141414
1416161414161414
1616161414161414
1616141414161614
1616161416161414
1616161416161414
1616161416161414
1414141414141414
1414141414141414
1414141416161414
1414121414141414
1414141414141414
1414141414141414
1414141414141414
1416141414141414
1414141212141214
1416141414141414
1414141414141414
1614141414141614
1414141414141414
1414141414141614
1414141414141414
1414141414141414
1414141414141414
1414141414141414
1414141614141416
1614161414141616
1414141414141414
1414161614161614
1414141414141414
1214141414141414
1414141414141414
1414141414141414
1414141414141614
1616161616161616
1616161616161616
1614141414141414
1414141414141416
1414141414141414
1412141414141414
1414141414141414
1414141414141414
1412141414141414
1214141416141414
1414141414141414
1414141414141414
1414141414141414
1614141414141414
1414141414141414
1412141412141414
1412141414141414
1414141414141414
1414141414141616
1416141414141416
1414141416141414
1414141414141414
1416161614141414
1414141414141414
1414141614141616
1616161616161616
1616161616161616
1614141414141414
1414141414141414
1614141414141414
1414141414141414
1010101614141414
1010101414141414
1010101414141414
1010101414141414
1010101414141414
1010101414141414
1010101414141414
1010101414141414
1414141414141414
1414121414141414
1414141414141414
1414141212141214
1614141414141414
1414141416141414
1614141414141614
1614141416161414
1010101414141414
1010101414141414
1010101414141414
1010101414141414
1010101414141414
1010101414141414
1010101414141414
1010101414141414
1414141414101010
1414141414101010
1414141414101010
1414141414101010
1416141414101010
1414141414101010
1414141414101010
1414141414101010
1414141414141414
1414141414141414
1414141414141414
1414141414141414
1414141414141414
1414141414141414
1414141614141414
1414141414141414
1414141414101010
1414141414101010
1414121214101010
1414141414101010
1412141414101010
1214141214101010
1214141412101010
1414141414101010
1414141414141414
1414141412141414
1414141212121412
1414141414121412
1212121212121414
1414121212141412
1214141414141214
1412121414141414
1414141414141414
1414141414141414
1414121414121214
1414141414141414
1414141414141416
1414141414141414
1414141414141214
1414141414141416
1414141414141414
1414141414121214
1414141414121214
1412121414141414
1414141414141414
1414141414141414
1212121414141414
1414141414141414
1414141414141414
1414141414141212
1212141414141412
1414141214121214
1414141214141212
1412141212141414
1414141414141212
1414141414121414
1414141414141414
1414141414141414
1414121414141412
1614141414141414
1414141414121214
1414141212141212
1414141414141414
1414141414141414
1414141414141414
1414141414141414
1414141414141414
1414141412141412
1414141414141414
1414141414141414
1414121412141412
1414141414141414
1212121214141414
1214121414121414
1414141214141414
1414141414141414
1414141414141414
1414141414141414
1414141414121414
1214141414141414
1414141414141414
1414141414161414
1414141214141614
1616141414141416
1414141414141414
1414141414141414
1414141414141414
1414141414141414
1414141414161414
1414141414141614
1614141414141414
1414161414141414
1414121416161414
1414141414141414
1414141414141414
1414141414141414
1414141412141412
1414141414141412
1414141416141414
1614141414141616
1414161614141414
1414141414141414
1614121414121214
1414141414141414
1414141414141414
1414141414141414
1414141414141414
1614141212121414
1414141414141414
1414141414141414
1414141414141414
1414141414141214
1214141416141414
1414141414141614
1414141414141414
1414141414141412
1414141414141414
1414141414141414
1414141414141416
1414141414141414
1414141414141414
1414141414141414
1414141414141414
1414141414141414
1414141414141414
1616141414141414
1414141414141414
1414141414141414
1414141414141414
1414141414141414
1414141414141416
1414141414141414
1414141414141414
1414141414141414
1414141414141414
1414141414141414
1414141214141414
1414141414141414
1414141414141414
1414141414141414
1414141414141414
1414141414141414
1414141414141414
1414141414121414
1414141414141414
1414161414141414
1414141414141414
1414141414141414
1414141414141614
1414121414141414
1414141414141414
1414141414141414
1412141414141414
1414141414121414
1414161414141414
1414141614141414
1414141414141414
1414141414141414
1414141414141414
1414141414141414
1414141414141414
1414141414141414
1414141414141414
1414141414141414
1416161414141414
1614141414141414
1414161414141414
1414141414141414
1414141414141414
1214141414141414
1214141414141414
1414141414141414
1614141414141414
1616141212141414
1416161412121214
1414161414121414
1414141414141414
1414141414141414
1210141414141414
1412121414141214
1414121212141414
1614141212101414
1414141412121414
1214141414121014
1414141616141214
1414141416141412
1414141414161614
1414141214141614
1414141414161416
1414141214161414
1416141414161414
1416141416141414
1212141616141414
1414141416161412
1614161616161614
1414141414141416
1414141414141416
1414141416141416
1414141414141414
1414121214141414
1414141414141414
1414141414141416
1414141414141616
1414141414141414
1414141414141414
1414141414141414
1414141414141414
1414141414141414
1414121014141416
1412141414141414
1412141214141414
1412141414141414
1412121214141414
1414141414141414
1414121414141414
1214141414141414
1414141414121414
1414141414141414
1414141414141414
1414141414141414
1414141414141412
1414141414141414
1414141414141414
1414141414161414
1412141414141414
1214141414141414
1414141214141414
1414141214141416
1414141214141414
1414141214121414
1214141414141414
1412121414141414
1414161414141414
1214161414141414
1214161614141414
1414161414141414
1414161414141414
1214141614141414
1214161414141414
1414161614141412
1412121414141414
1414141414141414
1414141414141414
1214121414141414
1212141414141414
1412141414141414
1212141414141414
1214141414121414
1414161616141414
1414161616141414
1416161616141414
1214161414141412
1416141414121414
1416141414121412
1414141414121412
1414141414121412
1614141614141414
1414141414141414
1414141614141414
1414141614141414
1414141414141414
1414141414141414
1414141414141414
1414141414141414
1614141414141416
1614141414141414
1614161414141416
1414141414141414
1414141414141416
1414141414141414
1414161414141414
1414161414141414
1414141414141414
1414141414141414
1414141614141414
1414141414121412
1414141616141414
1414141614141414
1414141614161414
1414161414141414
1414141414141414
1414141414141414
1414141416141414
1414141414141414
1414141414141414
1414141414141414
1214141414141416
1414141414141414
1616141416141414
1614141414161416
1414141416141416
1416141414141414
1414141414141414
1414141414141414
1414141414141414
1414141414141414
1414141416141414
1614161614141416
1416161414141416
1616141414141614
1614141414141414
1414141414141414
1414141414121414
1416141414121414
1414141414141414
1414141414141414
1414141414141412
1414141414141212
1414141414141414
1414141614141412
1414141614141412
1414141414121412
1414141414121414
1414141414141414
1414121414141414
1414121414141414
1414121214141414
1412121414141414
1414141212141414
1414141414141414
1414141414141416
1414141414141616
1414141414161616
1414161616161414
1616161616141416
1616161614161614
1616161614161414
1616161616141414
1414141414141414
1414141414141414
1414141414141414
1414141414141414
1414141414141414
1414141414141416
1414141414141616
1414141416161616
1414161614141414
1616161414141614
1616141414141616
1614141414141614
1414141614161414
1214141616141214
1416141614121212
1616161614121212
1414161616141616
1616161616161616
1616161616161414
1616161616161416
1416161616161614
1616161616161414
1616161616141414
1414161614141414
1414141414141414
1414141414141414
1414141414141414
1414141414141414
1414141414141414
1414141414141414
1414141414141414
1414141414141414
1416141414141614
1414141414141614
1414141416161414
1414161414141414
1614141414141414
1414141414141414
1414141414141414
1414141414141414
1414141414141414
1414141414141416
1414141414141414
1414141414141614
1414141414161614
1414141416161416
1414161616141616
1416161416161416
1414141414141414
1414141414141414
1414141414141414
1414141414141414
1414141414141214
1414141414121414
1414141414141414
1414141414141414
1414141414141414
1414141414141416
1414141414141414
1414141414141414
1414141414141416
1414141414161616
1414141614141214
1416141414141414
1414141414141214
1414121414141414
1414141614141416
1616161414141614
1414141414141414
1414141414141414
1416161414141414
1614141414141414
1414141412141414
1414141414141414
1414141414141414
1414141414141414
1414141414141414
1414141414141414
1414141414141414
1414141414141414
1414141414141614
1414141416141414
1416141614141414
1414141414141414
1414141414141414
1414141414141414
1414141414141414
1414161616141414
1416141414141414
1414141414141414
1414141614141614
1614161414141414
1414141414141414
1414141414141414
1414141616161414
1616141414141414
1414141414141414
1414141414141414
1414141414141414
1614141414161414
1616141414141414
1416161414141414
1414141414141414
1414141414141414
1414141414161614
1414141414161614
1414141414141414
1616161414141416
1414141414141414
1414161614141414
1616141414141414
1414141414141414
1414141414141416
1414141414161614
1414141414161616
1412141414141414
1414141414161414
1414141414141414
1414141414141414
1414141412141616
1414141414141414
1414141414141414
1414141414141414
1414141616141414
1414141414141414
1616141414141414
1414141616141414
1414141414141414
1416161614141414
1616141414141414
1616161614141614
1414141616141414
1414141414141614
1614141414141416
1414141414141414
1414141414141414
1414141414121414
1414141414141414
1414141414141414
1414141414141414
1414141414141414
1414141416141414
1414141414141416
1414141416161414
1414141414141412
1414141414141414
1414141414141414
1414141414141414
1412141414141414
1414141414141414
1414141414141416
1414141416161414
1616141614141414
1414141616141414
1414161414141416
1414141414141414
1414141414141414
1414141414141414
1414141414161414
1414141414141414
1010101414141414
1010101414141414
1010101414141414
1010101414141414
1010101414141414
1010101414141414
1010101414141414
1010101414141414
1414141214141414
1414141414141414
1414141414141414
1414141414141414
1414141414141414
1414141214141414
1414141414141414
1414141414141414
1010101414141414
1010101414141414
1010101414141414
1010101414141414
1010101614141414
1010101414141414
1010101414121414
1010101414141414
1214141414101010
1414141214101010
1212121214101010
1412141214101010
1414141412101010
1416161414101010
0000000000000000
0000000000000000
1414141414141414
1414141412141414
1414141414141214
1414141414141414
1414141414141416
1416141414141414
0000000000000000
0000000000000000
0000000000000000
0000000000000000
0000000000000000
0000000000000000
0000000000000000
0000000000000000
0000000000000000
0000000000000000
0000000000000000
0000000000000000
0000000000000000
0000000000000000
0000000000000000
0000000000000000
0000000000000000
0000000000000000
1414141414141414
1416141414141414
1414161414121414
1414141414141414
1414141414141616
1614141414141414
0000000000000000
0000000000000000
1414141414141414
1614121414141414
1416141414141414
1414141616141414
1414141414161614
1614141414141414
0000000000000000
0000000000000000
0000000000000000
0000000000000000
0000000000000000
0000000000000000
0000000000000000
0000000000000000
0000000000000000
0000000000000000
0000000000000000
0000000000000000
0000000000000000
0000000000000000
0000000000000000
0000000000000000
0000000000000000
0000000000000000
1414141414161414
1414141414141416
1414141414141414
1414141414141414
1414141414141414
1414141414161414
0000000000000000
0000000000000000
1414141614141414
1414141416161414
1414141414141414
1414141414141414
1414141414121414
1414141414141614
0000000000000000
0000000000000000
0000000000000000
0000000000000000
0000000000000000
0000000000000000
0000000000000000
0000000000000000
0000000000000000
0000000000000000
0000000000000000
0000000000000000
0000000000000000
0000000000000000
0000000000000000
0000000000000000
0000000000000000
0000000000000000
1414141414141414
1614141414141414
1414141414141414
1414141414141414
1414141414141414
1414141414141414
0000000000000000
0000000000000000
1414141414141414
1414141414141616
1414141414141414
1414141414141414
1414141414141414
1414141414141414
0000000000000000
0000000000000000
0000000000000000
0000000000000000
0000000000000000
0000000000000000
0000000000000000
0000000000000000
0000000000000000
0000000000000000
0000000000000000
0000000000000000
0000000000000000
0000000000000000
0000000000000000
0000000000000000
0000000000000000
0000000000000000
1414161414141414
1414141414141414
1414141414141414
1414141414141414
1414141414141414
1414141414141414
0000000000000000
0000000000000000
1414141414141414
1214141414141414
1210121414141414
1412121214141414
1414121212141414
1414141212121414
0000000000000000
0000000000000000
0000000000000000
0000000000000000
0000000000000000
0000000000000000
0000000000000000
0000000000000000
0000000000000000
0000000000000000
0000000000000000
0000000000000000
0000000000000000
0000000000000000
0000000000000000
0000000000000000
0000000000000000
0000000000000000
1212141414141014
1414141414141212
1414141414141412
1414141414161414
1212141616161614
1210141616161616
0000000000000000
0000000000000000
1414161614141414
1414161414141414
1414141414141616
1414141414141616
1614141414141414
1614141414141414
0000000000000000
0000000000000000
0000000000000000
0000000000000000
0000000000000000
0000000000000000
0000000000000000
0000000000000000
0000000000000000
0000000000000000
0000000000000000
0000000000000000
0000000000000000
0000000000000000
0000000000000000
0000000000000000
0000000000000000
0000000000000000
1414141414141414
1614141414141416
1414141414141414
1414141414141414
1414141414141414
1414141414141416
0000000000000000
0000000000000000
1414141414141414
1414141414141414
1214141412141414
1414141414141414
1414141414141414
1214141414141414
0000000000000000
0000000000000000
0000000000000000
0000000000000000
0000000000000000
0000000000000000
0000000000000000
0000000000000000
0000000000000000
0000000000000000
0000000000000000
0000000000000000
0000000000000000
0000000000000000
0000000000000000
0000000000000000
0000000000000000
0000000000000000
1414141414141414
1414141414121414
1616141614141412
1414141414141414
1614141414141414
1414141414141414
0000000000000000
0000000000000000
1414141414141414
1414141414141414
1414141414141414
1414141414141414
1416161414141416
1416161616161416
0000000000000000
0000000000000000
0000000000000000
0000000000000000
0000000000000000
0000000000000000
0000000000000000
0000000000000000
0000000000000000
0000000000000000
0000000000000000
0000000000000000
0000000000000000
0000000000000000
0000000000000000
0000000000000000
0000000000000000
0000000000000000
1414141414141414
1414141616161414
1414141416141614
1414141414141414
1414141414141414
1414141414141414
0000000000000000
0000000000000000
1414141414141414
1614141414141414
1414141414141414
1414141414141414
1414141414141414
1414141414141414
0000000000000000
0000000000000000
0000000000000000
0000000000000000
0000000000000000
0000000000000000
0000000000000000
0000000000000000
0000000000000000
0000000000000000
0000000000000000
0000000000000000
0000000000000000
0000000000000000
0000000000000000
0000000000000000
0000000000000000
0000000000000000
1414141414141414
1414141414141414
1414141414141414
1414141414141414
1614141414141414
1416141414141414
0000000000000000
0000000000000000
1412121412141414
1414121412141214
1614141412121214
1414141414141214
1414141414121414
1614141414141414
0000000000000000
0000000000000000
0000000000000000
0000000000000000
0000000000000000
0000000000000000
0000000000000000
0000000000000000
0000000000000000
0000000000000000
0000000000000000
0000000000000000
0000000000000000
0000000000000000
0000000000000000
0000000000000000
0000000000000000
0000000000000000
1614141414141012
1414141416141214
1614161616141414
1414161414141214
1216161614121014
1414161616141214
0000000000000000
0000000000000000
1416141414141416
1616141414141616
1414141414161616
1414141416141616
1414141414161614
1414161616161414
0000000000000000
0000000000000000
0000000000000000
0000000000000000
0000000000000000
0000000000000000
0000000000000000
0000000000000000
0000000000000000
0000000000000000
0000000000000000
0000000000000000
0000000000000000
0000000000000000
0000000000000000
0000000000000000
0000000000000000
0000000000000000
1614161616161414
1416161616141416
1616161414141416
1616161414161614
1614141416161414
1614141616141414
0000000000000000
0000000000000000
1414141414141414
1414141414141616
1414141414161616
1414141614161616
1416161414161416
1616141416161616
0000000000000000
0000000000000000
0000000000000000
0000000000000000
0000000000000000
0000000000000000
0000000000000000
0000000000000000
0000000000000000
0000000000000000
0000000000000000
0000000000000000
0000000000000000
0000000000000000
0000000000000000
0000000000000000
0000000000000000
0000000000000000
1414141414141414
1414141414161414
1414141414141414
1414141414141414
1414141414141414
1414141414141414
0000000000000000
0000000000000000
1414141414141414
1414141414141414
1414141414141414
1414141414141416
1414161614141414
1416141414141414
0000000000000000
0000000000000000
0000000000000000
0000000000000000
0000000000000000
0000000000000000
0000000000000000
0000000000000000
0000000000000000
0000000000000000
0000000000000000
0000000000000000
0000000000000000
0000000000000000
0000000000000000
0000000000000000
0000000000000000
0000000000000000
1414141414141414
1414141414141414
1414141614141414
1414141414141416
1414141414141414
1414141414141414
0000000000000000
0000000000000000
1414141416161414
1414161414141414
1614141414141414
1414141414141414
1414141414141414
1214141414141414
0000000000000000
0000000000000000
0000000000000000
0000000000000000
0000000000000000
0000000000000000
0000000000000000
0000000000000000
0000000000000000
0000000000000000
0000000000000000
0000000000000000
0000000000000000
0000000000000000
0000000000000000
0000000000000000
0000000000000000
0000000000000000
1414141414141414
1414141414141414
1414141414141416
1414141414161414
1214141614141414
1414141414141412
0000000000000000
0000000000000000
1414141414141414
1414141414141414
1414141414161614
1414161616141414
1416161414141414
1414141414141414
0000000000000000
0000000000000000
0000000000000000
0000000000000000
0000000000000000
0000000000000000
0000000000000000
0000000000000000
0000000000000000
0000000000000000
0000000000000000
0000000000000000
0000000000000000
0000000000000000
0000000000000000
0000000000000000
0000000000000000
0000000000000000
1414141414141414
1414141414141616
1414141416141414
1416141414141414
1614141414141414
1414141414141616
0000000000000000
0000000000000000
1010101414141414
1010101414141414
1010101414121414
1010101414141414
1010101414141416
1010101414141414
0000000000000000
0000000000000000
0000000000000000
0000000000000000
0000000000000000
0000000000000000
0000000000000000
0000000000000000
0000000000000000
0000000000000000
0000000000000000
0000000000000000
0000000000000000
0000000000000000
0000000000000000
0000000000000000
0000000000000000
0000000000000000
