@00000000804c5000
1212121212121212
1012121212121212
1212121212121212
1012121212121212
1212121012121212
1212121010121212
1212101012121012
1012121212121212
1212121212121212
1012121212121212
1012121212121212
1212101212121212
1010101212121212
1210121212121212
1210101212121210
1210101010121210
1212121010121212
1212121012121212
1212121012121212
1012121012121212
1010101212121212
1212101212101212
1212121212121212
1210101010121212
1212101212121210
1012121212121212
1010101012101012
1210101210101210
1010121010121210
1212101012121212
1012121212101212
1012121212101012
1212121212121212
1212121212121010
1012101212101210
1212101010121012
1212121010121212
1212121010121010
1212121010121212
1212121210121212
1212121012121212
1212121212101010
1012121212121012
1210121012121212
1210121012121212
1210121012101212
1212121010121210
1212101210121210
1012121210101210
1010121010121212
1012121210101212
1010121212101012
1212101010121012
1210101210121212
1210121210101010
1210121210101210
1012121210121210
1010121012101212
1012101212101212
1210101010121012
1212101210121212
1212101210101210
1012121012121212
1012101012121210
1212121212101012
1212121212121212
1210121012121210
1210121212121210
1212101210101212
1212101210121212
1212121010101012
1212101210121212
1012121012121212
1212121210121212
1012121010121212
1012121010121212
1012121210101210
1012121010121010
1210101210101212
1212121212101212
1212101010101212
1012101010121012
1010121210101212
1010101010121212
1010101012101010
1010101212121012
1012121010121012
1010101010101210
1010121210101010
1212121012121012
1012121012121010
1012101012121212
1012121012121010
1012121012101010
1010101010101010
1010101210101010
1012101012121212
1012121010121210
1010121010101012
1012121210101012
1210121210121212
1212121212121010
1210121210101210
1012121010101212
1212101010121212
1210121210101012
1010121212121012
1010101210101012
1210121212121012
1010101010121210
1010101012101210
1210101010121210
1212121210121210
1210121210121010
1212121212121010
1012121210101012
1212121210101010
1210101010101010
1012121012101012
1212121212121010
1210121010121010
1010121210121212
1212121010121012
1212121012121212
1212101012121010
1010121210101212
1012121012101012
1210101212101212
1210101012121210
1010101012121212
1210121010121012
1212121010101210
1212101010101210
1010121010101212
1212121010121012
1012101210101012
1012121212121212
1212121212121210
1212101210121210
1012101210121212
1212101212121012
1012121012121012
1210121212121010
1012101210121210
1210101210101012
1010101212101010
1210101212101010
1012121212121010
1010101012121010
1010101212121212
1212121010101010
1010121212121012
1212121212121012
1212121212121210
1212121010121210
1010121210121212
1212121210121010
1212121212121212
1010121210121210
1010121212121210
1210121012121210
1012101012121212
1212101212121210
1212121212121010
1212121212121212
1212121012101012
1212121012101012
1212121212121212
1210101212121212
1210121210121212
1212121012121212
1210121212101212
1212121210101012
1010121010121212
1212121210101212
1012121212101212
1212101212121012
1012121212121212
1212121210121010
1212121212121210
1212121210121012
1212121212121012
1210121210121010
1212121212121010
1210101212101212
1212121210121212
1012121212101012
1210121212121012
1212121210121212
1012121010121212
1212121212121212
1212101212101212
1412101012121010
1412121212121212
1412121212121212
1412121212121010
1414121212121010
1614121012101010
1614121010121012
1614121212121012
1210121212121216
1210121012101016
1012121012101214
1012101210121216
1012121212121214
1010101010121012
1210121010101014
1210101012101212
1414121012101212
1414121012121210
1616121010121010
1416121010121010
1216121012121010
1014121212121210
1214141212101010
1014141412101010
1212121010121210
1012101010101212
1212101012101212
1010101012121012
1010101012121212
1010121212101210
1010121012121010
1212101010101010
1212121212121212
1212121210121212
1210121012101212
1212121012121010
1010121010121010
1010101010101010
1210101212121012
1210121212121210
1210121212121012
1212101010121212
1012121212121212
1012121012121210
1212121210101012
1210121212121010
1012121212101010
1210121210101010
1010121212101012
1212101212121212
1212121210121210
1210121012101212
1010101210101212
1012101210101010
1012101010101210
1010101210121212
1210121210101210
1010121012121210
1010121012101010
1210101210121212
1210121212121212
1212121212121210
1010121212121010
1012121212101212
1212101212101012
1212101212101212
1212121212121012
1210121212121212
1212101212121212
1012101212121212
1010101212121012
1210101212101212
1212121212121212
1210101212121212
1010121212121210
1210121212101212
1212121212121212
1212121212101212
1212101212121212
1212121212101012
1210101212101212
1210121212121212
1012101212121210
1212121212121212
1212101212101210
1210121212101212
1010121212121212
1210101210121212
1210121212101210
1210121212121010
1212121212101212
1212101012121212
1210121210121212
1212121012121212
1210121212121010
1012121012121210
1210101210101010
1210121212101012
1210101010101210
1210121012121212
1210101210101012
1212121210101212
1212101212121212
1210121212121012
1210101212101010
1010101012121212
1010121212121012
1010121212101210
1010121012121212
1212121012121212
1012121010121212
1212101210121210
1012121212101012
1212121210121212
1210121012121212
1010121012121012
1010101010101010
1010101210101010
1212101012101210
1212101212101212
1212101010101012
1210121010101012
1212101012101012
1212121210101010
1010101012121010
1012121010121010
1010121212101012
1012121210101012
1012121210101210
1210101010121210
1212121010101210
1010101010101210
1012121012101212
1210121212121010
1212101212101010
1210101212101010
1010101212101010
1210101212121010
1212101212121012
1212101010101212
1212101012121210
1210101210101010
1012101010121210
1212121010121212
1212121012101012
1210101012101210
1012101212101010
1210121212101210
1010101210101012
1010121212101012
1210101012101012
1212101212121010
1212101010121012
1210121010101212
1010121210121212
1010101010121012
1012101212121012
1012101212101212
1010121212121210
1010101210101210
1212121010101012
1210121212121010
1210121210101010
1012101010101212
1010101010101210
1212101210101010
1012121212121212
1210121212101010
1012121010101012
1210101212121012
1010101012121012
1210101012101210
1212101212121010
1210101212101212
1210101212121012
1010101212121212
1010121212101012
1012121210121210
1010121012121212
1212101012101010
1210101010121210
1010121012101210
1010121212101212
1212121212121012
1012101212101012
1012121010121010
1012121012101010
1012101010101010
1012101010101012
1212121210121212
1210101212121012
1012101212101012
1212121012101212
1210101012101012
1010101012101212
1010101010121212
1012101210121012
1212121010101010
1210101010101012
1212121010121210
1010101212121210
1012121012121210
1012101012121212
1012101212121212
1012101210101210
1010121210101010
1012121212101012
1212121212101012
1010101212121010
1210121210121010
1210101010101010
1210101012101010
1210101012101210
1010101212101012
1010121212121010
1012121212101210
1212121212121012
1212121012121212
1210121212101210
1212121212101212
1212121212121010
1412101010121010
1412101012121010
1612121012121212
1212121212101210
1212121212121210
1212121212121010
1212101012121010
1212121010121210
1212121212121012
1212101212121212
1212121212141412
1210121010101210
1210121210121210
1012121212101010
1012101212121212
1210101212121212
1010121212121212
1210121214121212
1210121216121412
1212101214141412
1212121014141412
1412121014141414
1616121014141416
1614101214141616
1414121214161414
1614121214161414
1616121216141614
1012121216121412
1212121214141412
1212101216161412
1010101214161414
1212121212121616
1212121412121616
1010121414121416
1012141414121216
1012161412101010
1014161612121010
1214161410121212
1214141412121210
1012141614101010
1012141614121210
1012121614101212
1212141612121012
1210121210101212
1210101210101210
1010101012101010
1212121010101212
1012101012101210
1212101212121012
1212101212101010
1212121010101212
1210161614121010
1012161416141010
1012121616141212
1212121614121212
1010101414101212
1210121614121212
1212121616121212
1210121416121210
1010121012121212
1010121210101210
1012121210101012
1012101012101212
1012121212101210
1212121210101012
1210101212101210
1212101210121212
1212101010101212
1212101010121212
1210101010121212
1010101010101010
1010101012101210
1012101210101010
1012121212101212
1214141210101012
1012121210121210
1212121212121010
1010101210101210
1012101212101012
1010121214101012
1010121614121210
1212121614121212
1212121414121212
1216161212101010
1214141210101010
1214161212121210
1214161210101010
1214161610101010
1212161612121012
1212141614101212
1212121612121212
1212121614121412
1212121414141412
1212121216141412
1012101214161212
1210121012161214
1210121212141414
1010101212141612
1212121212161612
1212121012121212
1212121210101210
1012121210121212
1212101012121212
1010121012121212
1012121212101212
1212121212121212
1212121212101212
1010121210121212
1212101212121012
1210101012121212
1012101010101012
1012121212121212
1212121212121212
1210121010121212
1212121210121010
1212121012121212
1212121210121212
1212121010121012
1210101212101212
1212121212101212
1010121212121012
1212121012121212
1010121212121212
1210121012121210
1012121212121210
1212121012101210
1010121212121010
1210101012101010
1210121012121212
1012101212121012
1212121210121212
1212121210121212
1212101210121210
1012121010121210
1012121012101212
1010121212121012
1012121012121212
1010121212121212
1210121012121212
1212121010101212
1012121212121212
1210121012121212
1212121012121212
1212101212121210
1212121210121210
1212121210101212
1012121010101210
1010121012101212
1212121212121012
1010121012121210
1212101212121012
1012121012121212
1212121012101210
1012101010121212
1012101010121212
1212101210121210
1212121212121010
1012121212101010
1212121210101012
1212101210121210
1212101010121010
1210121210101210
1212121212121212
1012101210101210
1210101210101212
1212121010101210
1212101010101010
1010101212101210
1012101010101212
1010101010101212
1210101210101212
1010101012121012
1210121212121210
1212121012121210
1010101012101012
1212101210121212
1210101012121012
1212121210121212
1212121212121212
1012121010121212
1212101210121012
1012101010101012
1212121210101010
1212121012101212
1010101010121210
1210121212101212
1210121212101210
1010121210121212
1010101010121212
1010101010121212
1012101010101212
1012101010121212
1010101012121012
1212101010101212
1210121210101212
1210121010121010
1210101012121210
1212101210121210
1210101012101010
1212101012121010
1012121010101012
1212101012121212
1412101012101212
1010101012101210
1010101212121210
1010101210121010
1210101010101212
1212101012101010
1010121210101012
1010101210101214
1210101212101214
1612121210121210
1612101012121210
1612101012101010
1612101012101010
1412101010101210
1210101010121010
1410101010101212
1412101210101212
1010101212121214
1012121012121214
1012101012121416
1210101010121416
1010121212121416
1012121212141416
1212121012141414
1212121212161616
1010121012121010
1010101010101212
1012101010121210
1012121012121212
1212121212101012
1012121210101010
1010121010121212
1212101010121012
1412121210121212
1412121212121212
1212121212101010
1414121216121210
1414121414121010
1614121214121010
1414121414121012
1414141414121212
1212121210121012
1010101012121010
1212101010101010
1210121010101010
1210101012101012
1210101210101010
1210101210121212
1212121010121012
1616141614121210
1416141614121010
1414141614121010
1416141614121210
1616161612101010
1616161614121212
1416161614121212
1616161612121212
1616141216161616
1616141216161414
1616141416161614
1616161416161616
1416161616161416
1616161616121214
1416161616121214
1416161616141214
1212141614121212
1210121616121212
1010121614121214
1210121614101214
1210121412121212
1212141612101012
1212161614101012
1010141614121212
1616141616141416
1616141616141216
1616161616161414
1414141616161614
1616161616161414
1614161616161416
1414161614161616
1416161616161616
1212141614101212
1212141412101212
1212141412101212
1212141616101010
1212161616101212
1212141614121012
1012141612121212
1010161612101012
1210121416141212
1012141416161212
1210141414141210
1212121216121212
1212121416121012
1210121416121212
1012121414141212
1210121414161210
1010101010101212
1010101210121210
1210101012101012
1010121010121010
1210101010121010
1212121212121212
1612101210101010
1612121212121010
1212101214161410
1212121214161210
1414121212161212
1416121012161212
1414121014161412
1616141212161612
1616161212161610
1416161212161412
1614121414121212
1414121414141410
1416121416161412
1614121416161412
1414121414141412
1614141612141414
1416141612121614
1616141612141612
1412121612121212
1612141412121210
1412141614121210
1212161614141212
1412121416141212
1412121416141212
1614141414141414
1616141414141414
1010121012141416
1212121012121214
1212121212121214
1010101010121416
1210121210101214
1212121210121212
1012121210121212
1212101212101214
1416141414141414
1216121616161612
1014141614141614
1214161614141414
1216161214161412
1416161414161612
1414161416161612
1212141416161212
1212101212101214
1210121212121212
1012121212121010
1212121212121212
1212121012121210
1212121012121210
1212121212121212
1012121212121212
1212121212121212
1212121212121212
1212121012121210
1012121212101212
1212121210121212
1212121210101012
1210121012121212
1010101012121212
1212121012121212
1012121212121212
1210121212101210
1212121212101210
1212121012121212
1212101212121212
1210101010101210
1212121012101012
1210121010121212
1210101010121012
1210101212121212
1212101212121212
1012101212121212
1212121012121012
1210121010101212
1012121212101212
1210121210101212
1210121212121010
1212101012101010
1210121010101210
1212101210121010
1212121210121012
1210121212101010
1212101012121010
1010121012121212
1212121012121212
1012121212121210
1212101212121212
1012121210121212
1012101212121212
1010101010121212
1012121212121010
1012121210101210
1012121212101212
1010121212101210
1010121010121210
1210101212101212
1212121212121210
1212121010121012
1012121212101012
1212121010121210
1212121012101212
1010121012121012
1012121010121212
1012121210121212
1212121212121212
1012121012121212
1010101210121012
1210121210121212
1212101012121210
1210101012101012
1010121010121012
1210121212101010
1012101212121010
1010101210101010
1210121210121010
1212101012101210
1210121212121012
1010121210101012
1012121212101210
1010101012101210
1212121212101012
1012121210101012
1210101210121010
1210121010101212
1212121012121212
1210121212121212
1012121212121010
1010101010101012
1212121010121212
1212101212121210
1212101210121010
1012121012121010
1010101210101012
1010101012121010
1010101010121012
1210121010101012
1210121010101012
1212101010101210
1212121012101212
1012101212101010
1210101212121010
1210121012101212
1012121012101010
1212121012121012
1010101212101212
1012121012121012
1210101010121010
1412121010101012
1212121010121212
1010121210101012
1012101212101210
1012121210121010
1212101212101010
1212121010101210
1010101210101210
1012121014161616
1012101214161412
1210101216161412
1212121214161410
1012101216161410
1012121416161612
1010121616161412
1212121416161210
1010101010101010
1010101010101212
1010101210101012
1210121012101012
1210121010101210
1210121010121010
1210121212101010
1212101012101010
1214141616121012
1214141616121010
1214141616121210
1214161616121212
1416161614161410
1416161616141412
1416161616161612
1616161416161412
1012121010121212
1012121210121212
1214121010101212
1214121210101012
1216121210121012
1216141010121010
1416121210121010
1414121012121010
1616161412121212
1614161612101212
1614161412101010
1616161412121212
1616161412101212
1616161412101212
1616141410101012
1616141212101212
1414121010121012
1416121010101012
1416141010101010
1416141010121210
1616141010121412
1616141210121612
1614121012141612
1614121212141612
1616161210101210
1616141210101212
1616141212121212
1616141214161212
1616141214161212
1616161214141212
1616161214141212
1616141214141214
1414161414161616
1216161414161616
1416161616161616
1614161416161616
1416141414161614
1616141416161616
1614121416161616
1414121616141616
1012141614121210
1212141614101010
1212141612101012
1012161412101212
1212141612121214
1212141612101214
1212141614101216
1212141612121216
1412121416161414
1212121416161616
1412121616161616
1612121616161616
1616121616161616
1414121416141616
1614141616161616
1614161616161616
1212141612101216
1012141614101216
1212141612121216
1212141412121216
1212141412121216
1012141612121216
1212121612101416
1212121612101416
1216141214161610
1416161214161412
1416161212121412
1616161210141412
1616141010141612
1616141210141614
1416161212121616
1616161212121416
1616141612141612
1616141612141612
1616161614121614
1616161616141614
1616161616161616
1416161616141616
1616161616141616
1616161616161416
1616161212121414
1616141212121414
1616161210101214
1616161412101216
1614161412121216
1616161412121216
1616161612121214
1616161612121214
1614161616161416
1416161614161614
1416161614161616
1616161614161616
1616141614161616
1616141614161616
1616161614161416
1616161414161416
1012141616161412
1212141614161612
1210141612161614
1210141616161616
1212121416161614
1212121416161614
1210121216161616
1210101214141616
1012121212121210
1010121212121212
1210101212121210
1012101010121210
1012121210101212
1212121010101012
1212101010101212
1212121212121010
1212121214141614
1212121212161616
1614101212161616
1614101214161616
1614121216161616
1616141014161616
1616141214161616
1614121216161616
1010121212121012
1012141412121212
1212141614121214
1210141614141416
1012141614141416
1012141616141416
1210141614161414
1212141616161616
1012121012101212
1212101212121212
1212121210101212
1012101012101212
1012121210121212
1212121212101212
1010121012121012
1010121212121012
1212121212121212
1010121212121010
1012101210121212
1212101010121210
1012101210121212
1212121210121210
1212121210121210
1212121010101212
1010101012121212
1212121212121012
1212121212121212
0000000000000000
0000000000000000
0000000000000000
0000000000000000
0000000000000000
1010101012101212
1012101012101212
1012101212101012
0000000000000000
0000000000000000
0000000000000000
0000000000000000
0000000000000000
1210121012101012
1210121010121210
1010121212121010
1212121010121212
1212101212121012
1212121012121012
1212121010121012
1212121010121212
1012121212101012
1012101010101012
1212101012101210
1012121012121012
1210101212121010
1010121212121212
1010101210121210
1012101012121212
1010121012121212
1212101010121012
1010101010101012
0000000000000000
0000000000000000
0000000000000000
0000000000000000
0000000000000000
1210121012121212
1210121210101210
1210121212101212
0000000000000000
0000000000000000
0000000000000000
0000000000000000
0000000000000000
1010101210101210
1212101010101210
1010101212121012
1210121210121210
1212101210121210
1012121210121010
1210101012101012
1210101010121010
1212121010121010
1210101012121012
1012121010121010
1012101010101012
1010101010101212
1010101210121212
1010101012101212
1010101210101012
1010101012121010
1010121012101010
1010101212121010
0000000000000000
0000000000000000
0000000000000000
0000000000000000
0000000000000000
1212101010101010
1012121210101012
1010101210101212
0000000000000000
0000000000000000
0000000000000000
0000000000000000
0000000000000000
1012101010101210
1210101210101210
1010121010101010
1010121010101010
1212101210101210
1210121012121010
1210101210121210
1212101210121010
1416161416141414
1616141414141614
1616141416141612
1616121614141412
1616121216121610
1414121212121412
1614121012121212
1614101212101212
1212101210101210
1212101012121210
1412101012121012
0000000000000000
0000000000000000
0000000000000000
0000000000000000
0000000000000000
1612121212101212
1414121012121212
1614121010121012
0000000000000000
0000000000000000
0000000000000000
0000000000000000
0000000000000000
1612121212141410
1612121212141412
1612121012141614
1614101012161614
1414101212161412
1416121212161612
1616121214161412
1616121214161212
1616161214161416
1614161214141416
1616161214141414
1616161216141416
1616161416141416
1616161616161616
1616161616141616
1416161616161616
1616141216161214
1616141416161212
1616141616161212
0000000000000000
0000000000000000
0000000000000000
0000000000000000
0000000000000000
1414141616161616
1616161616161616
1614161616141416
0000000000000000
0000000000000000
0000000000000000
0000000000000000
0000000000000000
1616141614161616
1616161614161416
1416161616141214
1214161416141414
1216141614141416
1216141616141216
1214121614141216
1212121614141216
1412141612121414
1612141612121616
1612121612121616
1612141612141614
1612161612161616
1612161612161614
1614161614141412
1612161616161412
1212121416121416
1212121416161616
1412121414161616
0000000000000000
0000000000000000
0000000000000000
0000000000000000
0000000000000000
1614161616161412
1416161616161414
1616161616161416
0000000000000000
0000000000000000
0000000000000000
0000000000000000
0000000000000000
1616161612101214
1616141612101216
1616141614121216
1616141614121212
1616161416121214
1614121216161216
1616121216161416
1616121214161416
1616161616161616
1616161616161616
1616141616161616
1416161416161616
1416161416161616
1616161616141616
1616161616141616
1614161616161616
1616121216161414
1616161616161616
1616161414161616
0000000000000000
0000000000000000
0000000000000000
0000000000000000
0000000000000000
1616161616161616
1616161616161616
1616161614161616
0000000000000000
0000000000000000
0000000000000000
0000000000000000
0000000000000000
1614121216161616
1616141416161616
1616161616161616
1616161616161414
1414161616161614
1414161614161616
1414161616161616
1616161616161614
1012141616161416
1012121414161616
1212121216161616
1012121214161416
1210101416161616
1210101416161616
1210101416161616
1010121216161616
1616161616161614
1616161416161616
1616161616161616
0000000000000000
0000000000000000
0000000000000000
0000000000000000
0000000000000000
1010121216161416
1012101216161416
1012101014141416
0000000000000000
0000000000000000
0000000000000000
0000000000000000
0000000000000000
0000000000000000
0000000000000000
0000000000000000
0000000000000000
0000000000000000
0000000000000000
0000000000000000
0000000000000000
0000000000000000
0000000000000000
0000000000000000
0000000000000000
0000000000000000
0000000000000000
0000000000000000
0000000000000000
0000000000000000
0000000000000000
0000000000000000
0000000000000000
0000000000000000
0000000000000000
0000000000000000
0000000000000000
0000000000000000
0000000000000000
0000000000000000
0000000000000000
0000000000000000
0000000000000000
0000000000000000
0000000000000000
0000000000000000
0000000000000000
0000000000000000
0000000000000000
0000000000000000
0000000000000000
0000000000000000
0000000000000000
0000000000000000
0000000000000000
0000000000000000
0000000000000000
0000000000000000
0000000000000000
0000000000000000
0000000000000000
0000000000000000
0000000000000000
0000000000000000
0000000000000000
0000000000000000
0000000000000000
0000000000000000
0000000000000000
0000000000000000
0000000000000000
0000000000000000
0000000000000000
0000000000000000
0000000000000000
0000000000000000
0000000000000000
0000000000000000
0000000000000000
0000000000000000
0000000000000000
0000000000000000
0000000000000000
0000000000000000
0000000000000000
0000000000000000
0000000000000000
0000000000000000
0000000000000000
0000000000000000
0000000000000000
0000000000000000
0000000000000000
0000000000000000
0000000000000000
0000000000000000
0000000000000000
0000000000000000
0000000000000000
0000000000000000
0000000000000000
0000000000000000
0000000000000000
0000000000000000
0000000000000000
0000000000000000
0000000000000000
0000000000000000
0000000000000000
0000000000000000
0000000000000000
0000000000000000
0000000000000000
0000000000000000
0000000000000000
0000000000000000
0000000000000000
0000000000000000
0000000000000000
0000000000000000
0000000000000000
0000000000000000
0000000000000000
0000000000000000
0000000000000000
0000000000000000
0000000000000000
0000000000000000
0000000000000000
0000000000000000
0000000000000000
0000000000000000
0000000000000000
0000000000000000
0000000000000000
0000000000000000
0000000000000000
0000000000000000
0000000000000000
0000000000000000
0000000000000000
0000000000000000
0000000000000000
0000000000000000
0000000000000000
0000000000000000
0000000000000000
0000000000000000
0000000000000000
0000000000000000
0000000000000000
0000000000000000
0000000000000000
0000000000000000
0000000000000000
0000000000000000
0000000000000000
0000000000000000
0000000000000000
0000000000000000
0000000000000000
0000000000000000
0000000000000000
0000000000000000
0000000000000000
0000000000000000
0000000000000000
0000000000000000
0000000000000000
0000000000000000
0000000000000000
0000000000000000
0000000000000000
0000000000000000
0000000000000000
0000000000000000
0000000000000000
0000000000000000
0000000000000000
0000000000000000
0000000000000000
0000000000000000
0000000000000000
0000000000000000
0000000000000000
0000000000000000
0000000000000000
0000000000000000
0000000000000000
0000000000000000
0000000000000000
0000000000000000
0000000000000000
0000000000000000
0000000000000000
0000000000000000
0000000000000000
0000000000000000
0000000000000000
0000000000000000
0000000000000000
0000000000000000
0000000000000000
0000000000000000
0000000000000000
0000000000000000
0000000000000000
0000000000000000
0000000000000000
0000000000000000
0000000000000000
0000000000000000
0000000000000000
0000000000000000
0000000000000000
0000000000000000
0000000000000000
0000000000000000
0000000000000000
0000000000000000
0000000000000000
0000000000000000
0000000000000000
0000000000000000
0000000000000000
0000000000000000
0000000000000000
0000000000000000
0000000000000000
0000000000000000
0000000000000000
0000000000000000
0000000000000000
0000000000000000
0000000000000000
0000000000000000
0000000000000000
0000000000000000
0000000000000000
0000000000000000
0000000000000000
0000000000000000
0000000000000000
0000000000000000
0000000000000000
0000000000000000
0000000000000000
0000000000000000
0000000000000000
0000000000000000
0000000000000000
0000000000000000
0000000000000000
0000000000000000
0000000000000000
0000000000000000
0000000000000000
0000000000000000
0000000000000000
0000000000000000
0000000000000000
0000000000000000
0000000000000000
0000000000000000
0000000000000000
0000000000000000
0000000000000000
0000000000000000
0000000000000000
