@0000000080000000
1212121212121212
1212121212121212
1212121212121212
1212121212121212
1212121212121212
1212121212121212
1212121212121212
1212121212121212
1212121212121212
1212121212121212
1212121212121212
1212121212121212
1212121212121212
1212121212121212
1212121212121212
1212121212121212
1212121212121212
1212121212121212
1212121212121212
1212121212121212
1212121212121212
1212121212121212
1212121212121212
1212121212121212
1212121212121212
1212121212121212
1212121212121212
1212121212121212
1212121212121212
1212121212121212
1212121212121212
1212121212121212
1212121212121212
1212121212121212
1212121212121212
1212121212121212
1212121212121212
1212121212121212
1212121212121212
1212121212121212
1212121212121212
1212121212121212
1212121212121212
1212121212121212
1212121212121212
1212121212121212
1212121212121212
1212121212121212
1212121212121212
1212121212121212
1212121212121212
1212121212121212
1212121212121212
1212121212121212
1212121212121212
1212121212121212
1212121212121212
1212121212121212
1212121212121212
1212121212121212
1212121212121212
1212121212121212
1212121212121212
1212121212121212
1212121212121212
1212121212121212
1212121212121212
1212121212121212
1212121212121212
1212121212121212
1212121212121212
1212121212121212
1212121212121212
1212121212121212
1212121212121212
1212121212121212
1212121212121212
1212121212121212
1212121212121212
1212121212121212
1212121212121212
1212121212121212
1212121212121212
1212121212121212
1212121212121212
1212121212121212
1212121212121212
1212121212121212
1212121212121212
1212121212121212
1212121212121212
1212121212121212
1212121212121212
1212121212121212
1212121212121212
1212121212121212
1212121212121212
1212121212121212
1212121212121212
1212121212121212
1212121212121212
1212121212121212
1212121212121212
1212121212121212
1212121212121212
1212121212121212
1212121212121212
1212121212121212
1212121212121212
1212121212121212
1212121212121212
1212121212121212
1212121212121212
1212121212121212
1212121212121212
1212121212121212
1212121212121212
1212121212121212
1212121212121212
1212121212121212
1212121212121212
1212121212121212
1212121212121212
1212121212121212
1212121212121212
1212121212121212
1212121212121212
1212121212121212
1212121212121212
1212121212121212
1212121212121212
1212121212121212
1212121212121212
1212121212121212
1212121212121212
1212121212121212
1212121212121212
1212121212121212
1212121212121212
1212121212121212
1212121212121212
1212121212121212
1212121212121212
1212121212121212
1212121212121212
1212121212121212
1212121212121212
1212121212121212
1212121212121212
1212121212121212
1212121212121212
1212121212121212
1212121212121212
1212121212121212
1212121212121212
1212121212121212
1212121212121212
1212121212121212
1212121212121212
1212121212121212
1212121212121212
1212121212121212
1212121212121212
1212121212121212
1212121212121212
1212121212121212
1212121212121212
1212121212121212
1212121212121212
1212121212121212
1212121212121212
1212121212121212
1212121212121212
1212121212121212
1212121212121212
1212121212121212
1212121212121212
1212121212121212
1212121212121212
1212121212121212
1212121212121212
1212121212121212
1212121212121212
1212121212121212
1212121212121212
1212121212121212
1212121212121212
1212121212121212
1212121212121212
1212121212121212
1212121212121212
1212121212121212
1412121212121212
1412121212121212
1412121212121212
1412121212121212
1412121212121212
1412121212121212
1412121212121212
1412121212121212
1212121212121216
1212121212121216
1212121212121216
1212121212121216
1212121212121216
1212121212121216
1212121212121216
1212121212121216
1414121212121212
1614121212121212
1614121212121212
1614121212121212
1614121212121212
1814121212121212
1614121212121212
1614121212121212
1212121212121216
1212121212121214
1212121212121212
1212121212121214
1212121212121214
1212121212121214
1212121212121212
1212121212121212
1212121212121212
1212121212121212
1212121212121212
1212121212121212
1212121212121212
1212121212121212
1212121212121212
1212121212121212
1212121212121212
1212121212121212
1212121212121212
1212121212121212
1212121212121212
1212121212121212
1212121212121212
1212121212121212
1212121212121212
1212121212121212
1212121212121212
1212121212121212
1212121212121212
1212121212121212
1212121212121212
1212121212121212
1212121212121212
1212121212121212
1212121212121212
1212121212121212
1212121212121212
1212121212121212
1212121212121212
1212121212121212
1212121212121212
1212121212121212
1212121212121212
1212121212121212
1212121212121212
1212121212121212
1212121212121212
1212121212121212
1212121212121212
1212121212121212
1212121212121212
1212121212121212
1212121212121212
1212121212121212
1212121212121212
1212121212121212
1212121212121212
1212121212121212
1212121212121212
1212121212121212
1212121212121212
1212121212121212
1212121212121212
1212121212121212
1212121212121212
1212121212121212
1212121212121212
1212121212121212
1212121212121212
1212121212121212
1212121212121212
1212121212121212
1212121212121212
1212121212121212
1212121212121212
1212121212121212
1212121212121212
1212121212121212
1212121212121212
1212121212121212
1212121212121212
1212121212121212
1212121212121212
1212121212121212
1212121212121212
1212121212121212
1212121212121212
1212121212121212
1212121212121212
1212121212121212
1212121212121212
1212121212121212
1212121212121212
1212121212121212
1212121212121212
1212121212121212
1212121212121212
1212121212121212
1212121212121212
1212121212121212
1212121212121212
1212121212121212
1212121212121212
1212121212121212
1212121212121212
1212121212121212
1212121212121212
1212121212121212
1212121212121212
1212121212121212
1212121212121212
1212121212121212
1212121212121212
1212121212121212
1212121212121212
1212121212121212
1212121212121212
1212121212121212
1212121212121212
1212121212121212
1212121212121212
1212121212121212
1212121212121212
1212121212121212
1212121212121212
1212121212121212
1212121212121212
1212121212121212
1212121212121212
1212121212121212
1212121212121212
1212121212121212
1212121212121212
1212121212121212
1212121212121212
1212121212121212
1212121212121212
1212121212121212
1212121212121212
1212121212121212
1212121212121212
1212121212121212
1212121212121212
1212121212121212
1212121212121212
1212121212121212
1212121212121212
1212121212121212
1212121212121212
1212121212121212
1212121212121212
1212121212121212
1212121212121212
1212121212121212
1212121212121212
1212121212121212
1212121212121212
1212121212121212
1212121212121212
1212121212121212
1212121212121212
1212121212121212
1212121212121212
1212121212121212
1212121212121212
1212121212121212
1212121212121212
1212121212121212
1212121212121212
1212121212121212
1212121212121212
1212121212121212
1212121212121212
1212121212121212
1212121212121212
1212121212121212
1212121212121212
1212121212121212
1212121212121212
1212121212121212
1212121212121212
1212121212121212
1212121212121212
1212121212121212
1212121212121212
1212121212121212
1212121212121212
1212121212121212
1212121212121212
1212121212121212
1212121212121212
1212121212121212
1212121212121212
1212121212121212
1212121212121212
1212121212121212
1212121212121212
1212121212121212
1212121212121212
1212121212121212
1212121212121212
1212121212121212
1212121212121212
1212121212121212
1212121212121212
1212121212121212
1212121212121212
1212121212121212
1212121212121212
1212121212121212
1212121212121212
1212121212121212
1212121212121212
1212121212121212
1212121212121212
1212121212121212
1212121212121212
1212121212121212
1212121212121212
1212121212121212
1212121212121212
1212121212121212
1212121212121212
1212121212121212
1212121212121212
1212121212121212
1212121212121212
1212121212121212
1212121212121212
1212121212121212
1212121212121212
1212121212121212
1614121212121212
1414121212121212
1414121212121212
1414121212121212
1616121212121212
1818121212121212
1618121212121212
1418121212121212
1212121212121212
1212121212121212
1212121212121212
1212121212121212
1212121212121212
1212121212121212
1212121212121212
1212121212121212
1216121212121212
1216141212121212
1216141212121212
1214141212121212
1214141212121212
1214141412121212
1214141412121212
1214161612121212
1212121212121212
1212121212121212
1212121212121212
1212121212121212
1212121212121212
1212121212121212
1212121212121212
1212121212121212
1212121212121212
1212121212121212
1212121212121212
1212121212121212
1212121212121212
1212121212121212
1212121212121212
1212121212121212
1212121212121212
1212121212121212
1212121212121212
1212121212121212
1212121212121212
1212121212121212
1212121212121212
1212121212121212
1212121212121212
1212121212121212
1212121212121212
1212121212121212
1212121212121212
1212121212121212
1212121212121212
1212121212121212
1212121212121212
1212121212121212
1212121212121212
1212121212121212
1212121212121212
1212121212121212
1212121212121212
1212121212121212
1212121212121212
1212121212121212
1212121212121212
1212121212121212
1212121212121212
1212121212121212
1212121212121212
1212121212121212
1212121212121212
1212121212121212
1212121212121212
1212121212121212
1212121212121212
1212121212121212
1212121212121212
1212121212121212
1212121212121212
1212121212121212
1212121212121212
1212121212121212
1212121212121212
1212121212121212
1212121212121212
1212121212121212
1212121212121212
1212121212121212
1212121212121212
1212121212121212
1212121212121212
1212121212121212
1212121212121212
1212121212121212
1212121212121212
1212121212121212
1212121212121212
1212121212121212
1212121212121212
1212121212121212
1212121212121212
1212121212121212
1212121212121212
1212121212121212
1212121212121212
1212121212121212
1212121212121212
1212121212121212
1212121212121212
1212121212121212
1212121212121212
1212121212121212
1212121212121212
1212121212121212
1212121212121212
1212121212121212
1212121212121212
1212121212121212
1212121212121212
1212121212121212
1212121212121212
1212121212121212
1212121212121212
1212121212121212
1212121212121212
1212121212121212
1212121212121212
1212121212121212
1212121212121212
1212121212121212
1212121212121212
1212121212121212
1212121212121212
1212121212121212
1212121212121212
1212121212121212
1212121212121212
1212121212121212
1212121212121212
1212121212121212
1212121212121212
1212121212121212
1212121212121212
1212121212121212
1212121212121212
1212121212121212
1212121212121212
1212121212121212
1212121212121212
1212121212121212
1212121212121212
1212121212121212
1212121212121212
1212121212121212
1212121212121212
1212121212121212
1212121212121212
1212121212121212
1212121212121212
1212121212121212
1212121212121212
1212121212121212
1212121212121212
1212121212121212
1212121212121212
1212121212121212
1212121212121212
1212121212121212
1212121212121212
1212121212121212
1212121212121212
1212121212121212
1212121212121212
1212121212121212
1212121212121212
1212121212121212
1212121212121212
1212121212121212
1212121212121212
1212121212121212
1212121212121212
1212121212121212
1212121212121212
1212121212121212
1212121212121212
1212121212121212
1212121212121212
1212121212121212
1212121212121212
1212121212121212
1212121212121212
1212121212121212
1212121212121212
1212121212121212
1212121212121212
1212121212121212
1212121212121212
1212121212121212
1212121212121212
1212121212121212
1212121212121212
1212121212121212
1212121212121212
1212121212121212
1212121212121212
1212121212121212
1212121212121212
1212121212121212
1212121212121212
1212121212121212
1212121212121212
1212121212121212
1212121212121212
1212121212121212
1212121212121212
1212121212121212
1212121212121212
1212121212121212
1212121212121212
1212121212121212
1212121212121212
1212121212121212
1212121212121212
1212121212121212
1212121212121212
1212121212121212
1212121212121212
1212121212121212
1212121212121212
1212121212121212
1212121212121212
1212121212121212
1212121212121212
1212121212121212
1212121212121212
1212121212121212
1212121212121212
1212121212121212
1212121212121212
1212121212121212
1212121212121212
1212121212121212
1212121212121212
1212121212121412
1212121212141412
1212121214141612
1212121212121212
1212121212121212
1212121212121212
1212121214121212
1212121214121212
1212121216121212
1212121216121412
1212121216121412
1212161612121212
1212161612121212
1214161612121212
1214161612121212
1216181412121212
1214161412121212
1214161412121212
1212161412121212
1212121212121212
1212121212121212
1212121212121212
1212121212121212
1212121212121212
1212121212121212
1212121212121212
1212121212121212
1212161412121212
1212161614121212
1212141616121212
1212141616121212
1212141614121212
1212121814121212
1212141612121212
1212161612121212
1212121212121212
1212121212121212
1212121212121212
1212121212121212
1212121212121212
1212121212121212
1212121212121212
1212121212121212
1212121212121212
1212121212121212
1212121212121212
1212121212121212
1212121212121212
1212121212121212
1212121212121212
1212121212121212
1212121212121212
1212121212121212
1212121212121212
1212121212121212
1212121212121212
1212121212121212
1212121212121212
1212121212121212
1212121212121212
1212121212121212
1212121212121212
1212121212121212
1212121212121212
1212121212121212
1214161212121212
1214161212121212
1212121214121212
1212121414121212
1212121614121212
1212121614121212
1212121614121212
1212121614121212
1212121614121212
1212121614121412
1212121212121212
1212121212121212
1212121212121212
1212121212121212
1212121212121212
1212121212121212
1212121212121212
1212121212121212
1212121212121212
1212121212121212
1212121212121212
1212121212121212
1212121212121212
1212121212121212
1212121212121212
1212121212121212
1212121212121212
1212121212121212
1212121212121212
1212121212121212
1212121212121212
1212121212121212
1212121212121212
1212121212121212
1212121212121212
1212121212121212
1212121212121212
1212121212121212
1212121212121212
1212121212121212
1212121212121212
1212121212121212
1212121212121212
1212121212121212
1212121212121212
1212121212121212
1212121212121212
1212121212121212
1212121212121212
1212121212121212
1212121212121212
1212121212121212
1212121212121212
1212121212121212
1212121212121212
1212121212121212
1212121212121212
1212121212121212
1212121212121212
1212121212121212
1212121212121212
1212121212121212
1212121212121212
1212121212121212
1212121212121212
1212121212121212
1212121212121212
1212121212121212
1212121212121212
1212121212121212
1212121212121212
1212121212121212
1212121212121212
1212121212121212
1212121212121212
1212121212121212
1212121212121212
1212121212121212
1212121212121212
1212121212121212
1212121212121212
1212121212121212
1212121212121212
1212121212121212
1212121212121212
1212121212121212
1212121212121212
1212121212121212
1212121212121212
1212121212121212
1212121212121212
1212121212121212
1212121212121212
1212121212121212
1212121212121212
1212121212121212
1212121212121212
1212121212121212
1212121212121212
1212121212121212
1212121212121212
1212121212121212
1212121212121212
1212121212121212
1212121212121212
1212121212121212
1212121212121212
1212121212121212
1212121212121212
1212121212121212
1212121212121212
1212121212121212
1212121212121212
1212121212121212
1212121212121212
1212121212121212
1212121212121212
1212121212121212
1212121212121212
1212121212121212
1212121212121212
1212121212121212
1212121212121212
1212121212121212
1212121212121212
1212121212121212
1212121212121212
1212121212121212
1212121212121212
1212121212121212
1212121212121212
1212121212121212
1212121212121212
1212121212121212
1212121212121212
1212121212121212
1212121212121212
1212121212121212
1212121212121212
1212121212121212
1212121212121212
1212121212121212
1212121212121212
1212121212121212
1212121212121212
1212121212121212
1212121212121212
1212121212121212
1212121212121212
1212121212121212
1212121212121212
1212121212121212
1212121212121212
1212121212121212
1212121212121212
1212121212121212
1212121212121212
1212121212121212
1212121212121212
1212121212121212
1212121212121212
1212121212121212
1212121212121212
1212121212121212
1412121212121212
1612121212121212
1612121212121212
1612121212121212
1412121212121212
1612121212121212
1212121214141612
1212121214141612
1212121214141412
1212121214121412
1212121214141414
1414121214141214
1616121214141416
1618121214141416
1212121216121412
1212121216121412
1212121416141412
1212121216161412
1212121216161412
1212121216161414
1212121214161414
1212121212141616
1616121214141616
1616121214161616
1414121212161416
1414121214161416
1614121214161414
1614141214161414
1616141214141616
1618121416141616
1212121212141616
1212121212121616
1212121412121616
1212121414121416
1212121414121616
1212121414141616
1212141614141418
1212141614141416
1212161612121212
1212161414141212
1212161416141212
1212161616161212
1212141618161212
1212121616141212
1212121814121212
1212121614121212
1212121212121212
1212121212121212
1212121212121212
1212121212121212
1212121212121212
1212121212121212
1212121212121212
1212121212121212
1212121414121212
1212121414121212
1212121614121212
1212121616121212
1212121616121212
1212121616121212
1212141416121212
1212141416141212
1212121212121212
1212121212121212
1212121212121212
1212121212121212
1212121212121212
1212121212121212
1212121212121212
1212121212121212
1216161412121212
1216161212121212
1216161212121212
1216161212121212
1214181212121212
1214181212121212
1214161212121212
1216161412121212
1212121614121612
1212121616121612
1212121416141612
1212121216141412
1212121216141412
1212121216161412
1212121214161212
1212121212161214
1216181612121212
1214181812121212
1212161612121212
1212161612121212
1212161414121212
1212141614121212
1212141812121212
1412121612121212
1212121212141214
1212121212141214
1212121212141414
1212121212141614
1212121212141612
1212121212141612
1212121212161612
1212121212161614
1212121212121212
1212121212121212
1212121212121212
1212121212121212
1212121212121212
1212121212121212
1212121212121212
1212121212121212
1212121212121212
1212121212121212
1212121212121212
1212121212121212
1212121212121212
1212121212121212
1212121212121212
1212121212121212
1212121212121212
1212121212121212
1212121212121212
1212121212121212
1212121212121212
1212121212121212
1212121212121212
1212121212121212
1212121212121212
1212121212121212
1212121212121212
1212121212121212
1212121212121212
1212121212121212
1212121212121212
1212121212121212
1212121212121212
1212121212121212
1212121212121212
1212121212121212
1212121212121212
1212121212121212
1212121212121212
1212121212121212
1212121212121212
1212121212121212
1212121212121212
1212121212121212
1212121212121212
1212121212121212
1212121212121212
1212121212121212
1212121212121212
1212121212121212
1212121212121212
1212121212121212
1212121212121212
1212121212121212
1212121212121212
1212121212121212
1212121212121212
1212121212121212
1212121212121212
1212121212121212
1212121212121212
1212121212121212
1212121212121212
1212121212121212
1212121212121212
1212121212121212
1212121212121212
1212121212121212
1212121212121212
1212121212121212
1212121212121212
1212121212121212
1212121212121212
1212121212121212
1212121212121212
1212121212121212
1212121212121212
1212121212121212
1212121212121212
1212121212121212
1212121212121212
1212121212121212
1212121212121212
1212121212121212
1212121212121212
1212121212121212
1212121212121212
1212121212121212
1212121212121212
1212121212121212
1212121212121212
1212121212121212
1212121212121212
1212121212121212
1212121212121212
1212121212121212
1212121212121212
1212121212121212
1212121212121212
1212121212121212
1212121212121212
1212121212121212
1212121212121212
1212121212121212
1212121212121212
1212121212121212
1212121212121212
1212121212121212
1212121212121212
1212121212121212
1212121212121212
1212121212121212
1212121212121212
1212121212121212
1212121212121212
1212121212121212
1212121212121212
1412121212121212
1612121212121212
1612121212121212
1212121212121212
1212121212121212
1212121212121212
1212121212121212
1212121212121214
1212121212121214
1212121212121214
1212121212121214
1212121212121212
1212121212121212
1212121212121212
1212121212121212
1212121212121212
1212121212121212
1212121212121212
1212121212121212
1612121212121212
1412121212121212
1412121212121212
1212121212121212
1212121212121212
1212121214121212
1414121216121212
1414121416141212
1212121212121212
1212121212121212
1212121212121212
1212121212121212
1212121212121212
1212121212121212
1212121212121212
1212121212121212
1414121416141212
1614121416121212
1614121416141212
1614121216141212
1614121216121212
1416121414121212
1416141616121212
1616141616121212
1618141216161616
1618161216161614
1616161216161414
1816161418161614
1616161418161614
1616161416161616
1618161416161616
1618181416161616
1212141614121212
1212141614121212
1212141616121212
1212121616121212
1212141616121214
1212121614121214
1212121614121214
1212141612121214
1616181616161414
1616181616141214
1618181616141214
1616181616121214
1616161618121214
1416181816141214
1416161616161214
1616141816161216
1212121412121214
1212121612121212
1212141612121212
1212141614121212
1212161616121212
1212161616121212
1212141616121212
1212141614121212
1212121414141212
1212141416141212
1212141416161212
1212141416161212
1212141416141212
1212141416141212
1212121216121212
1212121218121212
1212121212121212
1212121212121212
1212121212121212
1212121212121212
1212121212121212
1212121212121212
1212121212121212
1212121212121212
1212121416121212
1212121416141212
1212121416141212
1212121416141212
1212121414141212
1212121414141212
1212121414161212
1212121414161412
1212121212121212
1212121212121212
1212121212121212
1412121212121212
1612121212121212
1612121212121212
1612121212121212
1614121212121212
1412121612121212
1412121412121212
1612141412121212
1612161612121212
1612161612121212
1412161614141212
1412161614141212
1412141416141212
1212121214141414
1212121214141416
1212121212121216
1212121212121216
1212121212121216
1212121212121216
1212121212121416
1212121212121414
1412121416141212
1412121418141212
1612121418141212
1614141616121414
1616161616141614
1616161414141614
1616141414141614
1616141414141614
1212121212121214
1212121212121212
1212121212121212
1212121212121212
1212121212121212
1212121212121214
1212121212121214
1212121212121214
1212121212121212
1212121212121212
1212121212121212
1212121212121212
1212121212121212
1212121212121212
1212121212121212
1212121212121212
1212121212121212
1212121212121212
1212121212121212
1212121212121212
1212121212121212
1212121212121212
1212121212121212
1212121212121212
1212121212121212
1212121212121212
1212121212121212
1212121212121212
1212121212121212
1212121212121212
1212121212121212
1212121212121212
1212121212121212
1212121212121212
1212121212121212
1212121212121212
1212121212121212
1212121212121212
1212121212121212
1212121212121212
1212121212121212
1212121212121212
1212121212121212
1212121212121212
1212121212121212
1212121212121212
1212121212121212
1212121212121212
1212121212121212
1212121212121212
1212121212121212
1212121212121212
1212121212121212
1212121212121212
1212121212121212
1212121212121212
1212121212121212
1212121212121212
1212121212121212
1212121212121212
1212121212121212
1212121212121212
1212121212121212
1212121212121212
1212121212121212
1212121212121212
1212121212121212
1212121212121212
1212121212121212
1212121212121212
1212121212121212
1212121212121212
1212121212121212
1212121212121212
1212121212121212
1212121212121212
1212121212121212
1212121212121212
1212121212121212
1212121212121212
1212121212121212
1212121212121212
1212121212121212
1212121212121212
1212121212121212
1212121212121212
1212121212121212
1212121212121212
1212121212121212
1212121212121212
1212121212121212
1212121212121212
1212121212121212
1212121212121212
1212121212121212
1212121212121212
1212121212121212
1212121212121212
1212121212121212
1212121212121212
1212121212121212
1212121212121212
1212121212121212
1212121212121212
1612121212121212
1612121212121212
1612121212121212
1612121212121212
1412121212121212
1612121212121212
1612121212121212
1412121212121212
1212121212121214
1212121212121214
1212121212121214
1212121212121216
1212121212121416
1212121212121416
1212121212121416
1212121212121416
1412121212121212
1212121212121212
1212121212121212
1412121212121212
1412121212121212
1412121212121212
1412121212121212
1412121212121212
1212121212121416
1212121212121416
1212121212141418
1212121212161416
1212121212161614
1212121212161616
1212121212161616
1212121214161616
1212121212121212
1212121212121212
1212121212121212
1212121212121212
1212121212121212
1212121212121212
1212121212121212
1212121212121212
1616141616121212
1616141616121212
1616141616121212
1416121816121212
1416141816121212
1418141616121212
1418141616121212
1618141614121212
1212121212121212
1212121212121212
1212121212121212
1212121212121212
1212121212121212
1212121212121212
1212121212121212
1212121212121212
1616141612121212
1616161814121212
1616161816121212
1616161816121212
1618161616121212
1618161614121212
1616161812121212
1616181612121212
1816141818141416
1616141818141216
1616141618141216
1616141616141416
1618161618161414
1616181418161414
1416161616161614
1416161816181414
1212141614121212
1212141614121214
1212141612121212
1212141612121212
1212141612121212
1212141614121212
1212141614121212
1212161616121212
1616161816161414
1816181618161416
1616181618161416
1616161818161416
1414181818181616
1614161816181616
1616161616161616
1416161616181816
1212161616121212
1212161616121212
1212161616121212
1212161614121212
1212161612121212
1212141612121212
1212161612121212
1212161614121212
1212121216181412
1212121216181412
1212121216161412
1212121214141212
1414121212161212
1614121212141212
1616121212161212
1616121214161212
1614121412121212
1614121414121212
1614121614121412
1414121416161412
1614121416161412
1614121416161412
1614121416161612
1614121416161612
1614121214161612
1614121214161612
1614141212161612
1614161212161612
1616161212161612
1616161212161612
1416161212161612
1416141214161612
1414121414141612
1414121614141612
1614121614161614
1416141612141614
1416141812141614
1416121614121614
1618121614141614
1416141612141812
1616141414121614
1216141416141612
1216121618161612
1216121616161612
1214141616161614
1214141614181416
1214161614181414
1214161414181212
1212121212121214
1212121212121214
1212121212121212
1212121212121212
1212121212121212
1212121212121212
1212121212121212
1212121212121212
1216181214181212
1216161414181412
1416161414161612
1414161414161812
1414161416181812
1414161416181612
1412141416161412
1212141614161212
1212121212121212
1212121212121212
1212121212121212
1212121212121212
1212121212121212
1212121212121212
1212121212121212
1212121212121212
1212121212121212
1212121212121212
1212121212121212
1212121212121212
1212121212121212
1212121212121212
1212121212121212
1212121212121212
1212121212121212
1212121212121212
1212121212121212
1212121212121212
1212121212121212
1212121212121212
1212121212101212
1212121212121212
1212121212121212
1212121212121212
1212121212121212
1212121212121212
1212121212121212
1212121212121212
1212121212121212
1212121212121212
1212121212121212
1212121212121212
1212121212121212
1212121212121212
1212121212121212
1212121212121212
1212121212121212
1212121212121212
1212121212121212
1212121212121212
1212121212121212
1212121212121212
1212121212121212
1212121212121212
1212121212121212
1212121212121212
1212121212121212
1212121212121212
1212121212121212
1212121212121212
1212121212121212
1212121212121212
1212121212121212
1212121212121212
1212121212121212
1212121212121212
1212121212121212
1212121212121212
1212121212121212
1212121212121212
1212121212121212
1212121212121212
1212121212121212
1212121212121212
1212121212121212
1212121212121212
1212121212121212
1212121212121212
1212121212121212
1212121212121212
1212121212121212
1212121212121212
1212121212121212
1212121212121212
1212121212121212
1212121212121212
1212121212121212
1212121212121212
1212121212121212
1212121212121212
1212121212121212
1212121212121212
1212121212121212
1212121212121212
1212121212121212
1212121212121212
1212121212121212
1212121212121212
1212121212121212
1212121212121212
1212121212121212
1212121212121212
1212121212121212
1212121212121212
1212121212121212
1212121212121212
1212121212121212
1212121212121212
1212121212121212
1212121212121212
1212121212121212
1212121212121212
1412121212121212
1212121212121212
1212121212121212
1212121212121212
1212121212121212
1212121212121212
1212121212121212
1212121212121212
1212121214141614
1212121214141616
1212121214141414
1212121214161412
1212121214161412
1212121216161412
1212121414161412
1212121216161412
1212121212121212
1212121212121212
1212121212121212
1212121212121212
1212121212121212
1212121212121212
1212121212121212
1212121212121212
1212121216161412
1212121216161412
1212121216161612
1212121414161412
1212121614161412
1212121616161412
1212121616141412
1212121618141412
1212121212121212
1212121212121212
1212121212121212
1212121212121212
1214121212121212
1214121212121212
1214121212121212
1214121212121212
1616181412121212
1816181412121212
1814181612121212
1614181612121212
1612181612121212
1814181412121212
1814161614121212
1816161412121212
1214121212121212
1214121212121212
1214141212121212
1214121212121212
1416121212121212
1416121212121212
1416121212121212
1416121212121212
1616181412121212
1816181412121212
1818181412121212
1618181412121212
1618161412121212
1618141212121212
1616141212121212
1616161212121212
1416161614181816
1416181412161618
1416181414161816
1216161616181816
1416161616181816
1416161616181816
1616161416181818
1616161416141816
1212161814121212
1212121614121212
1212141614121212
1212161612121212
1212161612121212
1212161612121212
1212161612121212
1212161612121212
1816141416141816
1816141616161818
1816141416161818
1816141216161816
1814141416161816
1614121616161818
1616121618161618
1414121418141616
1212161612121212
1212161812121414
1212141612121416
1212141812121416
1212161814121418
1212141614121218
1212141812121216
1212141814121216
1416141216181612
1418141216161612
1416161214161612
1414161214141412
1416161412121412
1618161212121612
1616161212121612
1816161212141612
1416141812141612
1616141812141614
1616141612141614
1616141612141614
1616161614121614
1816181616141614
1816161616141814
1616161616161816
1614141212141614
1616141212141614
1616141212141616
1614161212121614
1616161212121616
1618181212121616
1618181212121416
1618161412121416
1616161616161616
1616161816141616
1416161616141816
1416161616141618
1416161616141616
1614161616141616
1816161616161418
1618161616161418
1212141614161412
1212141614181612
1212161614161612
1212161614161612
1212161612161614
1212141414161416
1212141616161616
1212141616161618
1212121212121212
1212121212121212
1212121212121212
1212121212121212
1212121212121212
1212121212121212
1212121212121212
1212121212121212
1212141616181616
1212121416161616
1212121416161616
1212121214161816
1212121214161616
1212121214161616
1212121214161616
1212121214141816
1212121212121212
1212121212121212
1212121212121212
1212121212121212
1212121212121212
1212121212121212
1212121212121212
1212121212121212
1212121212121212
1212121212121212
1212121212121212
1212121212121212
1212121212121212
1212121212121212
1212121212121212
1212121212121212
1212121212121212
1212121212121212
1212121212121212
1212121212121212
1212121212121212
1212121212121212
1212121212121212
1212121212121212
1212121212121212
1212121212121212
1212121212121212
1212121212121212
1212121212121212
1212121212121212
1212121212121212
1212121212121212
1212121212121212
1212121212121212
1212121212121212
1212121212121212
1212121212121212
1212121212121212
1212121212121212
1212121212121212
1212121212121212
1212121212121212
1212121212121212
1212121212121212
1212121212121212
1212121212121212
1212121212121212
1212121212121212
1212121212121212
1212121212121212
1212121212121212
1212121212121212
1212121212121212
1212121212121212
1212121212121212
1212121212121212
1212121212121212
1212121212121212
1212121212121212
1212121212121212
1212121212121212
1212121212121212
1212121212121212
1212121212121212
1212121212121212
1212121212121212
1212121212121212
1212121212121212
1212121212121212
1212121212121212
1212121212121212
1212121212121212
1212121212121212
1212121212121212
1212121212121212
1212121212121212
1212121212121212
1212121212121212
1212121212121212
1212121212121212
1212121212121212
1212121212121212
1212121212121212
1212121212121212
1212121212121212
1212121212121212
1212121212121212
1212121212121212
1212121212121212
1212121212121212
1212121212121212
1212121212121212
1212121212121212
1212121212121212
1212121212121212
1212121212121212
1212121212121212
1212121212121212
1212121212121212
1212121212121212
1212121212121212
1212121212121212
1212121212121212
1212121212121212
1212121212121212
1212121212121212
1212121212121212
1212121212121212
1212121212121212
1212121212121212
1212121212121212
1212121212121212
1214141616141212
1214161614121212
1214161616121212
1214161616121212
1214161616121212
1214161616121212
1214161616121212
1214161616141212
1212121212121212
1212121212121212
1212121212121212
1212121212121212
1212121212121212
1212121212121212
1212121212121212
1212121212121212
1416161614161412
1416161614141412
1416161616161412
1418161616161412
1416161616161412
1618181616181612
1616181616161612
1418181416161612
1214121212121212
1416121212121212
1416121212121212
1416121212121212
1416121212121212
1414141212121212
1414141212121212
1414161212121212
1818161212121212
1818161212121212
1816161212121212
1816141212121212
1816141212121212
1816141214121212
1816141214141212
1816161214161212
1616141212121412
1618141212121612
1618141212141612
1618141212141812
1616121212121612
1614121212141612
1616121212141612
1614121212141612
1816141214161212
1814141214161212
1614161414161212
1618161414161212
1618161214161212
1818161214141212
1618141214141214
1616141214161214
1414121418161616
1412121618181618
1412121616181818
1212121416181818
1212121616161818
1412121616161616
1814121616181618
1814121618161618
1212141814121218
1412161814121218
1212161814121216
1212161814121216
1212141612121216
1212121412121218
1212121412121218
1212141412121218
1616121616161818
1614121616161818
1614121416161618
1614121416161818
1614141616161818
1814161618161816
1816161618161816
1614161418181816
1212141412121216
1212141412121218
1212141614121218
1212121612121416
1212121814121416
1212121812121416
1212121612121616
1414141612121616
1616161412121414
1818161212121414
1618161212121414
1618161212121414
1618161212121414
1818181212121216
1818181412121216
1818161412121216
1618161616181416
1616161614161418
1418181814181616
1416161616181616
1416161616161816
1616161816161816
1818181614161816
1616161614161616
1616161412121216
1616181412121216
1616161412121216
1618181412121216
1616181612121216
1618181612121216
1818181612121214
1818181812121214
1618161614161616
1818161816181618
1816161816181616
1618181616181818
1618161616181616
1618161616181616
1618181416181416
1618181416181618
1212121214141614
1212121214141816
1212121214161816
1212121212161816
1414121212161816
1616121212161818
1616121214161616
1816121216181618
1212121412121212
1212141412121212
1212141412121212
1212141614121212
1212141614121214
1212141614121414
1212141614121416
1212141614141418
1616121216181818
1816141216181818
1616141216181616
1618141214181816
1618141216161618
1618121416161818
1616121416161816
1616121416161816
1212141614141416
1212141616141416
1212141614141416
1212141816141416
1212141616141414
1212141616161616
1212141616161616
1212141616161416
1212121212121212
1212121212121212
1212121212121212
1212121212121212
1212121212121212
1212121212121212
1212121212121212
1212121212121212
1212121212121212
1212121212121212
1212121212121212
1212121212121212
1212121212121212
1212121212121212
1212121212121212
1212121212121212
1212121212121212
1212121212121212
1212121212121212
1212121212121212
1212121212121212
1212121212121212
1212121212121212
1212121212121212
1212121212121212
1212121212121212
1212121212121212
1212121212121212
1212121212121212
1212121212121212
1212121212121212
1212121212121212
1212121212121212
1212121212121212
1212121212121212
1212121212121212
1212121212121212
1212121212121212
1212121212121212
1212121212121212
1212121212121212
1212121212121212
1212121212121212
1212121212121212
1212121212121212
1212121212121212
1212121212121212
1212121212121212
1212121212121212
1212121212121212
1212121212121212
1212121212121212
1212121212121212
1212121212121212
1212121212121212
1212121212121212
1212121212121212
1212121212121212
1212121212121212
1212121212121212
1212121212121212
1212121212121212
1212121212121212
1212121212121212
1212121212121212
1212121212121212
1212121212121212
1212121212121212
1212121212121212
1212121212121212
1212121212121212
1212121212121212
1212121212121212
1212121212121212
1212121212121212
1212121212121212
1212121212121212
1212121212121212
1212121212121212
1212121212121212
1212121212121212
1212121212121212
1212121212121212
1212121212121212
1212121212121212
1212121212121212
1212121212121212
1212121212121212
1212121212121212
1212121212121212
1212121212121212
1212121212121212
1212121212121212
1212121212121212
1212121212121212
1212121212121212
1212121212121212
1212121212121212
1212121212121212
1212121212121212
1212121212121212
1212121212121212
1212121212121212
1212121212121212
1418161416161614
1416161616141614
1416161414141614
1616141414141614
1616141414141414
1618141614141614
1618121614141612
1618121414141612
1212121212121212
1212121212121212
1212121212121212
1212121212121212
1212121212121212
1212121212121212
1212121212121212
1212121212121212
1618121216141612
1616121214121612
1416121214121412
1616121212121212
1616121212121212
1616121212121212
1614121212121212
1614121212121212
1814121212141412
1812121212141412
1814121212141412
1814121212141414
1814121212141414
1614121212161614
1614121212161614
1814121212161612
1616141214161416
1616161216161416
1816161216161416
1616161214141416
1616161214141418
1818161214141418
1818161214141418
1818161216141418
1614121212181612
1614121212161612
1616121212161612
1616121214161612
1816121214161612
1616121214161412
1616121214181412
1616141216161212
1618161416141418
1618161416161618
1616181616161618
1418161614181616
1618161616181616
1616161816161618
1418181618161816
1418181618181816
1616161618161818
1616141618161818
1616161616161616
1616181616161416
1616181618141216
1414161618141214
1214161816141414
1214141816141416
1414141612121616
1414141612121616
1614141612121816
1614141812121616
1614121612121616
1614141612121616
1812141612141814
1612161612161816
1214141616141416
1214141816141416
1216141818161416
1216141616161216
1216141614141216
1214141412141216
1212121614141216
1212121814141416
1612161812161816
1612161812161816
1412161812161816
1614161812161814
1614161612161412
1612161814161412
1612161816161412
1612161816161412
1818181812121214
1818181812121216
1618141614121218
1616141614121218
1618141614121216
1618141814121214
1818141814121212
1818161616121212
1816181618161816
1818181818161616
1818181818181816
1816161816181816
1816181816181816
1816181618161616
1816181618161816
1818181618181816
1618161416121214
1816141216141214
1814121216161216
1616121216161416
1616121216161416
1616121216181418
1616121214181418
1616121214161218
1616161618181816
1616161618181816
1616161616181616
1816161616161616
1816161816161616
1816181818161816
1618181618161814
1616181816161618
1814121216161616
1614121416161618
1616141416181618
1616161618161618
1616161618181616
1618161618161816
1618161618161816
1818161816161616
1212141616161416
1212121618161616
1212121616161618
1212121416161616
1212121214161616
1212121216161618
1212121214161416
1212121416161616
1616161816161614
1816161816181616
1818161816161618
1616161616161618
1616161616161616
1618161618181416
1618161618161616
1618181816161614
1212121416161618
1212121414161618
1212121416161616
1212121416161614
1212121416161616
1212121214161616
1212121214161816
1212121216161816
1212121212121212
1212121212121212
1212121212121212
1212121212121212
1212121212121212
1212121212121212
0000000000000000
0000000000000000
1212121212121212
1212121212121212
1212121212121212
1212121212121212
1212121212121212
1212121212121212
0000000000000000
0000000000000000
0000000000000000
0000000000000000
0000000000000000
0000000000000000
0000000000000000
0000000000000000
0000000000000000
0000000000000000
0000000000000000
0000000000000000
0000000000000000
0000000000000000
0000000000000000
0000000000000000
0000000000000000
0000000000000000
1212121212121212
1212121212121212
1212121212121212
1212121212121212
1212121212121212
1212121212121212
0000000000000000
0000000000000000
1212121212121212
1212121212121212
1212121212121212
1212121212121212
1212121212121212
1212121212121212
0000000000000000
0000000000000000
0000000000000000
0000000000000000
0000000000000000
0000000000000000
0000000000000000
0000000000000000
0000000000000000
0000000000000000
0000000000000000
0000000000000000
0000000000000000
0000000000000000
0000000000000000
0000000000000000
0000000000000000
0000000000000000
1212121212121212
1212121212121212
1212121212121212
1212121212121212
1212121212121212
1212121212121212
0000000000000000
0000000000000000
1212121212121212
1212121212121212
1212121212121212
1212121212121212
1212121212121212
1212121212121212
0000000000000000
0000000000000000
0000000000000000
0000000000000000
0000000000000000
0000000000000000
0000000000000000
0000000000000000
0000000000000000
0000000000000000
0000000000000000
0000000000000000
0000000000000000
0000000000000000
0000000000000000
0000000000000000
0000000000000000
0000000000000000
1212121212121212
1212121212121212
1212121212121212
1212121212121212
1412121212121212
1414121212121212
0000000000000000
0000000000000000
1612121212121212
1612121212121212
1612121212121212
1414121212121212
1616121212121212
1616121212121212
0000000000000000
0000000000000000
0000000000000000
0000000000000000
0000000000000000
0000000000000000
0000000000000000
0000000000000000
0000000000000000
0000000000000000
0000000000000000
0000000000000000
0000000000000000
0000000000000000
0000000000000000
0000000000000000
0000000000000000
0000000000000000
1618141216161214
1616161416181214
1616161416161212
1616141618161212
1616141618161212
1618141418161212
0000000000000000
0000000000000000
1416181618181816
1616181616181816
1816161616181816
1816161616181816
1816161616161416
1616161618161416
0000000000000000
0000000000000000
0000000000000000
0000000000000000
0000000000000000
0000000000000000
0000000000000000
0000000000000000
0000000000000000
0000000000000000
0000000000000000
0000000000000000
0000000000000000
0000000000000000
0000000000000000
0000000000000000
0000000000000000
0000000000000000
1212121616121416
1212121818141618
1212121618161618
1412121618161818
1412121616161818
1412121614161818
0000000000000000
0000000000000000
1614161818161412
1614181616161414
1616161816181614
1616161816161614
1618161816161614
1816161816161414
0000000000000000
0000000000000000
0000000000000000
0000000000000000
0000000000000000
0000000000000000
0000000000000000
0000000000000000
0000000000000000
0000000000000000
0000000000000000
0000000000000000
0000000000000000
0000000000000000
0000000000000000
0000000000000000
0000000000000000
0000000000000000
1616121216161416
1616141416161416
1816161618161816
1816161616161818
1818181616181618
1818161616181618
0000000000000000
0000000000000000
1616181816161618
1616181816161618
1618181818161618
1818181818181618
1818181816181618
1816181616181618
0000000000000000
0000000000000000
0000000000000000
0000000000000000
0000000000000000
0000000000000000
0000000000000000
0000000000000000
0000000000000000
0000000000000000
0000000000000000
0000000000000000
0000000000000000
0000000000000000
0000000000000000
0000000000000000
0000000000000000
0000000000000000
1616181816161614
1616181618161616
1616181616141616
1618181616161616
1618181618181816
1816181818161816
0000000000000000
0000000000000000
1212121216161616
1212121216161616
1212121216181616
1212121214161616
1212121214141616
1212121214161618
0000000000000000
0000000000000000
0000000000000000
0000000000000000
0000000000000000
0000000000000000
0000000000000000
0000000000000000
0000000000000000
0000000000000000
0000000000000000
0000000000000000
0000000000000000
0000000000000000
0000000000000000
0000000000000000
0000000000000000
0000000000000000
